445 170 506 223 Car
875 227 896 337 Pole
961 247 993 372 Pole
980 192 997 250 Pole
1146 184 1160 244 Pole
1040 184 1050 217 Pole
835 215 849 308 Pole
914 192 930 261 Pole
868 197 880 277 Pole
883 151 933 257 Pedestrian
648 168 663 205 Pedestrian
238 192 273 260 Pedestrian
268 101 291 183 Window
305 109 325 184 Window
121 68 162 184 Window
18 48 80 189 Window
302 7 320 70 Window
337 13 353 74 Window
368 29 384 87 Window
391 43 403 96 Window
353 115 361 180 Window
372 126 385 175 Window
739 184 753 214 Pole
707 143 720 158 Give_way_sign
206 129 238 253 Door
