243 60 262 83 Window
209 62 225 81 Window
208 24 223 40 Window
157 24 171 44 Window
243 109 264 130 Window
77 50 89 72 Window
113 60 127 82 Window
136 68 147 88 Window
59 136 118 195 Window
3 129 52 193 Window
121 143 171 190 Window
183 150 210 193 Window
943 137 967 171 Window
990 138 1014 163 Window
1042 137 1065 161 Window
1091 135 1114 157 Window
1148 134 1175 160 Window
906 164 1231 371 Car
825 183 934 289 Car
758 177 892 261 Car
686 173 773 220 Car
591 175 638 220 Car
302 189 404 249 Car
430 175 472 200 Car
466 175 485 197 Car
487 179 517 203 Car
412 177 433 197 Car
557 169 577 187 Car
