0 193 122 343 Cyclist
445 182 492 212 Car
488 173 522 208 Car
613 176 639 197 Car
638 175 661 191 Car
661 174 689 201 Car
1085 249 1108 367 Pole
919 221 936 297 Pole
846 208 860 268 Pole
791 200 810 247 Pole
972 162 1059 185 Car
767 108 795 131 Priority_road
1076 37 1103 84 Window
982 41 1050 86 Window
1000 113 1036 158 Window
1077 104 1112 154 Window
483 95 495 127 Window
494 100 503 130 Window
505 103 517 132 Window
521 106 529 131 Window
531 108 542 133 Window
541 111 549 134 Window
396 130 411 173 Window
413 136 427 171 Window
427 132 447 174 Window
455 137 466 174 Window
468 142 477 173 Window
486 145 496 169 Window
497 147 507 166 Window
506 145 518 171 Window
480 53 492 84 Window
493 59 501 83 Window
505 63 517 90 Window
521 67 532 92 Window
534 76 543 99 Window
519 34 553 64 Window
