91 157 206 335 Cyclist
691 156 770 269 Cyclist
963 185 1061 228 Car
1057 182 1153 235 Car
1132 183 1220 237 Car
778 291 801 372 Pole
28 246 41 315 Pole
380 193 389 231 Pole
460 118 473 198 Lamppost
1079 82 1109 124 Window
1142 82 1169 124 Window
1204 79 1224 122 Window
1080 143 1111 190 Window
1139 143 1170 189 Window
1203 144 1223 187 Window
1015 147 1041 187 Window
959 150 981 199 Window
73 127 102 171 Window
127 128 153 172 Window
172 136 194 170 Window
207 138 229 167 Window
6 123 46 170 Window
513 162 558 255 Pedestrian
399 169 437 256 Pedestrian
324 164 344 204 Pedestrian
297 158 315 196 Pedestrian
348 159 360 194 Pedestrian
