928 7 957 94 Window
961 1 986 78 Window
990 4 1019 72 Window
1067 1 1116 38 Window
526 74 555 117 Window
413 79 440 122 Window
377 80 404 121 Window
339 78 371 123 Window
299 80 324 123 Window
1015 164 1053 241 Pedestrian
927 167 960 237 Pedestrian
844 186 893 232 Person_sitting
835 184 868 230 Person_sitting
52 166 176 345 Cyclist
642 178 678 223 Cyclist
415 146 542 230 Van
335 23 385 60 Window
582 83 622 133 Window
882 12 922 99 Window
861 24 890 107 Window
844 43 869 111 Window
825 46 852 107 Window
231 9 255 221 Lamppost
769 106 791 151 Traffic_lights
378 153 413 199 Window
536 154 575 203 Window
375 177 426 213 Car
