919 31 1008 150 Window
1065 8 1240 150 Window
820 78 870 157 Window
792 89 826 162 Window
763 105 780 162 Window
740 112 762 166 Window
735 26 758 76 Window
760 9 783 67 Window
785 6 820 49 Window
828 0 868 26 Window
763 169 1095 367 Car
959 219 1240 373 Car
719 179 844 306 Car
662 180 741 240 Car
651 181 694 216 Car
635 177 667 207 Car
629 178 646 194 Car
588 170 614 197 Car
403 177 521 269 Car
346 179 413 214 Car
243 187 323 216 Car
47 240 69 318 Pole
161 225 184 284 Pole
243 216 261 272 Pole
299 209 309 239 Pole
656 76 663 182 Lamppost
698 80 710 183 Lamppost
