558 155 614 197 Car
943 168 971 256 Pedestrian
913 168 946 247 Pedestrian
743 156 769 242 Pedestrian
306 167 322 238 Pedestrian
1141 158 1190 241 Pedestrian
1192 187 1220 248 Pedestrian
452 166 469 200 Pedestrian
1050 208 1115 304 Person_sitting
783 185 831 233 Person_sitting
66 186 103 223 Person_sitting
106 186 134 214 Person_sitting
232 182 262 233 Person_sitting
271 189 297 227 Person_sitting
377 167 399 235 Pedestrian
522 169 542 205 Cyclist
539 168 555 209 Cyclist
852 163 904 272 Cyclist
1058 0 1087 36 Window
1013 1 1039 46 Window
978 10 999 56 Window
936 32 950 73 Window
918 40 928 80 Window
899 51 912 87 Window
600 105 615 131 Window
526 112 540 129 Window
504 111 519 131 Window
481 113 495 132 Window
492 72 503 94 Window
482 75 492 91 Window
