707 181 764 228 Car
398 181 472 247 Car
289 200 412 265 Car
676 182 707 210 Car
399 59 415 108 Window
418 64 433 113 Window
446 73 461 115 Window
463 77 476 118 Window
484 83 495 121 Window
291 120 314 181 Window
329 126 352 178 Window
361 129 382 177 Window
406 134 417 177 Window
422 133 433 176 Window
60 129 93 187 Window
126 29 154 88 Window
63 35 96 90 Window
357 50 375 99 Window
399 2 413 37 Window
418 3 429 41 Window
446 13 460 55 Window
465 23 477 63 Window
481 28 492 64 Window
512 42 522 72 Window
523 45 533 75 Window
534 50 542 84 Window
510 91 521 127 Window
520 91 532 129 Window
534 97 544 129 Window
929 1 957 26 Window
964 3 998 26 Window
1192 87 1241 151 Window
1016 98 1111 202 Window
863 112 883 198 Window
449 135 465 179 Window
468 138 483 176 Window
484 141 498 161 Window
