697 132 719 156 Pedestrian_crossing
478 138 504 157 Pedestrian_crossing
83 132 104 158 Pedestrian_crossing
364 220 465 239 Pedestrian_crossing_marking
482 195 501 215 Commandment_to_pass_sign_on_arrow_indication_D02-RO
912 271 940 362 Pole
1034 305 1059 375 Pole
958 236 978 311 Pole
1007 228 1020 294 Pole
1073 223 1090 287 Pole
1160 171 1202 206 Property
1103 89 1142 232 Lamppost
923 173 938 195 Property
1116 33 1178 75 Window
1214 32 1241 73 Window
1005 56 1036 94 Window
956 74 975 104 Window
914 90 931 113 Window
364 135 380 148 Window
382 135 398 147 Window
477 6 499 235 Lamppost
867 203 878 244 Pole
806 205 817 238 Pole
750 206 768 238 Pole
715 206 722 232 Pole
