631 163 694 351 Pedestrian
770 136 804 329 Pedestrian
849 137 883 260 Pedestrian
813 170 902 368 Pedestrian
910 146 989 333 Pedestrian
1057 168 1224 370 Pedestrian
514 145 544 203 Pedestrian
536 147 561 205 Pedestrian
358 141 385 223 Pedestrian
250 142 291 235 Pedestrian
298 140 324 205 Pedestrian
488 143 506 185 Pedestrian
0 88 276 370 Truck
526 30 554 96 Window
571 35 607 102 Window
471 30 502 93 Window
411 29 446 90 Window
899 107 938 131 Window
1086 91 1197 132 Window
1163 26 1191 71 Window
1200 22 1223 65 Window
