789 203 1080 364 Car
891 40 936 83 Forbidden_to_park
464 189 546 252 Car
517 177 570 227 Car
590 176 638 217 Car
653 176 692 208 Car
278 181 401 251 Car
7 187 249 334 Car
402 175 475 207 Car
884 163 916 233 Pedestrian
691 77 873 241 Truck
621 137 669 180 Truck
1121 16 1181 185 Window
174 29 209 87 Window
109 30 154 88 Window
54 13 94 79 Window
1 5 28 71 Window
6 94 33 179 Window
265 54 283 107 Window
265 4 289 45 Window
296 18 312 49 Window
295 72 312 106 Window
326 23 342 62 Window
346 37 356 71 Window
323 75 344 115 Window
347 88 357 114 Window
227 127 251 172 Window
265 129 281 169 Window
