395 184 448 218 Car
509 174 543 200 Car
488 174 509 193 Car
441 163 484 198 Car
198 196 293 239 Car
328 188 383 222 Car
468 176 480 199 Pedestrian
310 178 339 238 Cyclist
310 29 333 40 Window
265 26 293 42 Window
264 56 293 73 Window
309 59 336 75 Window
363 32 397 53 Window
359 64 397 83 Window
269 94 293 106 Window
309 93 338 108 Window
311 127 336 141 Window
269 128 297 141 Window
220 128 253 141 Window
222 164 253 176 Window
220 93 249 107 Window
219 57 247 71 Window
978 2 1013 82 Traffic_lights
