579 174 635 232 Car
369 182 421 210 Car
702 112 743 151 Pedestrian_crossing
455 123 490 149 Pedestrian_crossing
0 120 30 158 Pedestrian_crossing
462 193 488 215 Commandment_to_pass_sign_on_arrow_indication_D02-RO
981 157 1007 187 Property
1200 59 1225 215 Lamppost
872 123 883 188 Lamppost
1045 20 1105 75 Window
981 44 1027 87 Window
940 62 967 101 Window
1194 5 1242 50 Window
841 52 862 93 Window
817 61 836 104 Window
357 218 451 242 Pedestrian_crossing_marking
1147 253 1165 324 Pole
1183 239 1211 325 Pole
1145 291 1165 363 Pole
917 196 930 244 Pole
842 202 851 239 Pole
776 199 791 239 Pole
729 203 742 231 Pole
701 202 711 233 Pole
293 216 303 239 Pole
