825 160 904 363 Pedestrian
805 166 849 301 Pedestrian
800 151 839 233 Pedestrian
731 163 774 299 Pedestrian
765 166 802 283 Pedestrian
710 167 745 273 Pedestrian
608 153 644 238 Pedestrian
156 151 260 361 Pedestrian
6 145 81 354 Pedestrian
17 293 154 372 Dog
539 158 597 207 Car
667 160 683 208 Pedestrian
682 155 701 210 Pedestrian
944 90 1098 239 Window
1131 73 1238 270 Window
150 30 234 185 Window
277 65 336 232 Window
370 93 410 205 Window
466 27 486 54 Window
487 20 517 51 Window
557 45 575 78 Window
604 103 617 117 Window
604 120 617 137 Window
