697 171 719 214 Pedestrian
561 172 660 266 Car
883 178 1160 337 Car
775 164 972 278 Car
78 173 223 250 Car
2 187 101 279 Car
531 172 552 191 Van
550 180 558 188 Commandment_to_pass_sign_on_arrow_indication_D02-RO
463 100 485 123 Forbidden_to_stand_still
694 115 716 139 Pedestrian_crossing
655 148 668 162 Pedestrian_crossing
548 149 558 161 Pedestrian_crossing
493 115 516 139 Pedestrian_crossing
1183 94 1238 197 Window
1115 103 1152 195 Window
1060 111 1095 189 Window
1017 119 1045 188 Window
977 123 1003 178 Window
976 45 994 83 Window
1016 34 1031 73 Window
1063 20 1078 61 Window
1114 5 1134 47 Window
125 5 146 63 Window
74 2 97 50 Window
4 0 33 33 Window
10 102 37 186 Window
78 113 99 186 Window
131 122 147 175 Window
181 126 196 173 Window
882 51 892 80 Window
896 49 908 77 Window
913 49 925 75 Window
927 49 940 74 Window
943 46 954 77 Window
751 177 798 246 Car
479 176 499 195 Car
