5 144 436 373 Truck
666 182 744 241 Car
1012 223 1239 373 Car
416 186 476 233 Car
473 187 502 222 Car
507 182 541 205 Car
540 179 563 192 Car
820 27 848 76 Window
858 4 897 65 Window
193 6 233 66 Window
271 41 307 99 Window
348 63 367 108 Window
382 84 402 124 Window
325 3 383 50 Window
766 89 805 121 Window
767 150 805 191 Window
890 105 923 200 Window
931 96 975 211 Window
1009 64 1099 224 Window
420 43 445 57 Window
424 62 446 77 Window
425 82 443 94 Window
423 100 446 115 Window
425 119 443 135 Window
475 42 496 57 Window
478 59 497 76 Window
474 79 501 93 Window
479 98 503 115 Window
508 60 528 75 Window
503 78 534 93 Window
508 97 526 114 Window
