632 1 690 38 Window
614 68 631 149 Window
604 83 613 158 Window
602 103 603 158 Window
653 60 725 133 Window
721 56 792 132 Window
660 142 726 185 Window
725 141 799 188 Window
495 157 531 224 Cyclist
822 148 902 257 Cyclist
344 152 430 310 Cyclist
877 151 918 246 Pedestrian
711 173 755 273 Pedestrian
822 258 852 361 Pole
747 229 762 289 Pole
700 218 713 270 Pole
663 198 672 234 Pole
647 197 659 231 Pole
224 238 251 313 Pole
316 220 335 277 Pole
36 278 81 367 Pole
447 192 455 226 Pole
462 189 471 216 Pole
473 185 486 215 Pole
487 180 491 210 Pole
672 84 691 245 Lamppost
627 126 644 217 Lamppost
430 136 447 225 Lamppost
578 166 597 182 Car
