810 189 845 257 Cyclist
683 180 785 259 Car
428 195 522 262 Car
532 183 570 210 Car
579 178 597 192 Car
654 180 687 223 Car
892 160 996 272 Fence
8 177 182 290 Fence
990 101 1039 174 Window
830 116 848 180 Window
782 124 806 178 Window
749 129 769 176 Window
731 135 744 172 Window
728 55 746 101 Window
747 32 770 89 Window
791 14 810 70 Window
832 0 852 35 Window
29 90 86 180 Window
262 2 293 57 Window
325 17 365 72 Window
316 109 359 181 Window
257 94 291 170 Window
390 130 408 170 Window
386 47 402 92 Window
414 60 429 104 Window
15 2 105 35 Window
