598 190 678 255 Car
673 168 719 220 Van
403 178 444 209 Van
298 187 365 225 Car
499 177 518 235 Pedestrian
806 178 868 239 Cyclist
1207 79 1240 120 One_way_street
353 119 375 144 One_way_street
448 191 473 223 Commandment_to_pass_sign_on_arrow_indication_D02-RO
716 142 739 163 Zone_max_speed_A01-30
1001 17 1033 81 Window
1044 22 1081 95 Window
1117 27 1165 97 Window
828 47 849 93 Window
207 47 240 107 Window
255 66 280 112 Window
258 2 274 40 Window
210 4 243 30 Window
120 12 159 96 Window
164 30 202 103 Window
288 139 306 184 Window
315 81 332 127 Window
338 86 351 128 Window
1121 120 1162 173 Window
999 124 1045 184 Window
666 99 686 119 Window
691 101 706 114 Window
663 120 687 137 Window
