961 193 1172 365 Cyclist
850 189 1021 329 Cyclist
785 224 804 293 Pole
728 222 738 278 Pole
704 215 714 270 Pole
695 210 701 260 Pole
684 209 692 254 Pole
672 203 679 244 Pole
435 172 528 249 Van
551 169 577 204 Van
649 182 737 215 Car
621 176 664 205 Car
306 206 476 306 Car
106 206 305 316 Car
0 226 111 366 Car
37 112 118 243 Door
221 6 248 66 Window
264 0 298 70 Window
165 86 207 190 Window
218 96 251 190 Window
310 118 326 181 Window
335 120 349 185 Window
305 11 321 74 Window
326 20 351 81 Window
360 36 373 96 Window
376 47 386 98 Window
938 117 1011 218 Window
