1165 0 1174 200 Lamppost
83 208 240 292 Car
389 187 442 229 Car
435 194 459 221 Car
858 172 898 199 Car
914 171 941 189 Car
937 168 958 187 Car
957 167 971 189 Cyclist
998 165 1012 186 Cyclist
330 178 386 221 Car
244 197 302 221 Car
2 217 123 287 Car
110 92 151 113 Window
109 51 145 70 Window
105 9 146 30 Window
164 14 200 35 Window
169 56 200 74 Window
114 138 149 153 Window
169 93 201 115 Window
239 98 282 125 Window
232 59 279 88 Window
234 20 280 49 Window
237 136 286 160 Window
46 141 87 151 Window
45 92 86 110 Window
42 46 85 67 Window
43 5 84 25 Window
166 138 203 154 Window
48 185 91 195 Window
209 176 222 194 Window
927 111 937 135 Window
936 110 947 135 Window
946 110 955 133 Window
962 115 969 138 Window
971 113 978 136 Window
979 113 987 136 Window
1099 254 1116 349 Pole
1050 226 1067 309 Pole
1030 222 1048 277 Pole
461 186 477 204 Commandment_to_pass_sign_on_arrow_indication_D02-RO
