797 185 947 286 Car
742 184 810 243 Car
587 173 631 207 Car
631 181 660 201 Car
682 177 707 196 Car
716 171 732 210 Cyclist
1179 26 1235 76 Forbidden_to_stand_still
231 49 267 146 Window
152 33 186 138 Window
32 2 85 131 Window
312 54 337 95 Window
363 55 389 95 Window
417 53 443 97 Window
486 52 506 97 Window
488 126 507 166 Window
419 126 445 167 Window
367 127 390 170 Window
314 129 338 167 Window
54 213 93 238 Window
167 206 197 227 Window
247 201 269 219 Window
852 55 868 75 Window
850 94 864 120 Window
695 124 707 140 Window
696 152 707 169 Window
