143 60 218 187 Window
239 81 293 181 Window
234 0 279 48 Window
804 106 842 186 Window
878 82 937 189 Window
986 25 1114 194 Window
813 10 841 41 Window
718 80 729 106 Window
704 88 715 113 Window
715 143 730 180 Window
703 146 716 175 Window
338 60 374 113 Window
431 68 450 117 Window
453 81 470 124 Window
233 2 285 47 Window
294 3 346 38 Window
418 15 435 48 Window
439 32 451 55 Window
430 179 534 256 Car
521 183 564 216 Car
689 185 842 289 Car
642 180 692 215 Car
559 179 579 202 Car
586 176 598 193 Car
