926 156 997 335 Pedestrian
1022 152 1078 326 Pedestrian
1172 182 1223 368 Pedestrian
804 147 869 322 Pedestrian
885 166 918 236 Pedestrian
732 156 778 320 Pedestrian
673 148 710 271 Pedestrian
646 166 679 277 Pedestrian
558 163 598 293 Pedestrian
596 145 634 293 Pedestrian
510 154 562 311 Pedestrian
501 143 524 186 Pedestrian
261 142 293 218 Pedestrian
300 146 335 223 Pedestrian
4 106 260 369 Truck
610 83 619 138 Lamppost
978 93 991 123 Lamppost
579 38 597 96 Window
526 35 550 97 Window
476 38 500 98 Window
471 120 498 153 Window
528 117 548 153 Window
1140 31 1189 65 Window
408 38 435 93 Window
