417 205 452 251 Pram
754 173 812 337 Pedestrian
839 175 903 333 Pedestrian
1002 158 1048 263 Pedestrian
1088 154 1161 292 Pedestrian
1169 149 1237 280 Pedestrian
359 178 415 275 Pedestrian
654 171 683 242 Pedestrian
435 179 469 237 Pedestrian
6 174 75 346 Pedestrian
683 179 704 216 Person_sitting
707 180 731 215 Person_sitting
532 169 565 201 Car
490 166 515 207 Car
982 63 1179 148 Window
107 9 185 60 Window
222 2 317 66 Window
334 4 368 74 Window
384 12 419 96 Window
350 110 387 154 Window
391 119 412 160 Window
416 125 432 161 Window
517 82 532 109 Window
537 81 551 109 Window
515 112 532 137 Window
536 111 552 136 Window
563 78 578 98 Window
