422 76 461 116 Forbidden_to_stand_still
941 205 978 269 Guidance_beacon_left
973 158 1239 374 Car
2 198 199 374 Car
159 186 365 312 Car
364 185 482 247 Car
588 182 641 229 Car
467 157 550 218 Car
922 176 1112 256 Car
742 180 769 244 Pedestrian
886 196 897 245 Pole
822 196 832 243 Pole
718 196 728 236 Pole
699 193 705 233 Pole
689 192 694 224 Pole
680 187 686 221 Pole
673 188 679 216 Pole
764 31 793 57 Window
717 34 743 60 Window
720 73 743 100 Window
766 71 792 98 Window
767 110 789 144 Window
716 116 739 138 Window
180 39 194 90 Window
225 53 235 99 Window
182 120 196 172 Window
229 129 238 170 Window
129 111 148 169 Window
125 18 145 79 Window
54 2 83 68 Window
719 160 737 185 Window
767 162 783 180 Window
