606 175 665 227 Car
553 178 591 206 Car
522 179 553 201 Car
992 56 1017 90 Window
967 67 983 97 Window
929 82 942 107 Window
449 158 462 189 Window
434 157 446 187 Window
473 167 482 188 Window
488 164 496 186 Window
505 168 511 186 Window
815 121 829 139 Window
818 148 828 163 Window
592 130 602 140 Window
575 131 583 143 Window
556 134 565 143 Window
537 134 548 144 Window
448 79 458 96 Window
464 84 473 99 Window
479 88 486 104 Window
492 93 499 106 Window
503 96 508 111 Window
474 118 482 138 Window
487 118 494 138 Window
504 127 512 140 Window
514 126 522 143 Window
452 113 459 132 Window
912 87 924 112 Window
976 20 990 43 Window
938 41 949 62 Window
844 95 854 108 Window
867 140 875 161 Window
606 145 615 160 Window
591 146 599 160 Window
574 148 584 159 Window
555 150 568 161 Window
306 3 326 186 Lamppost
723 259 780 278 Bicycle_lane
