193 77 248 167 Window
63 54 178 174 Window
188 4 242 31 Window
337 17 369 82 Window
374 33 395 96 Window
339 104 375 164 Window
374 111 399 164 Window
462 115 479 162 Window
481 119 490 161 Window
488 121 502 161 Window
504 121 516 160 Window
460 56 472 103 Window
474 66 487 109 Window
487 72 500 106 Window
501 74 516 112 Window
532 99 554 130 Window
535 138 555 167 Window
569 135 587 166 Window
563 100 584 129 Window
563 59 583 89 Window
534 66 552 90 Window
585 72 597 94 Window
1192 106 1222 219 Door
408 171 455 270 Cyclist
202 159 389 287 Car
463 173 521 213 Car
653 168 695 203 Car
624 161 649 183 Car
693 162 709 179 Car
