522 184 637 281 Car
736 177 901 292 Car
680 175 762 248 Car
653 176 703 226 Car
570 164 644 245 Car
348 174 404 200 Car
246 182 305 207 Car
170 182 232 203 Car
50 185 122 214 Car
401 146 414 160 Closed_for_all_motor_vehicles
292 148 306 163 Closed_for_all_motor_vehicles
1126 7 1183 125 Window
1196 0 1241 110 Window
879 76 914 140 Window
813 95 848 139 Window
85 100 128 120 Window
82 66 124 89 Window
79 32 121 52 Window
37 38 76 56 Window
42 103 78 121 Window
78 135 124 152 Window
49 134 80 150 Window
