1011 90 1044 146 Window
1062 79 1099 140 Window
1122 67 1163 126 Window
975 96 997 148 Window
942 106 961 152 Window
914 110 937 150 Window
914 18 936 67 Window
943 12 957 56 Window
975 4 995 48 Window
1012 5 1037 38 Window
262 37 294 88 Window
186 12 242 75 Window
122 7 171 63 Window
491 85 518 111 Window
568 120 585 134 Window
565 153 588 168 Window
319 140 421 202 Van
252 121 280 200 Door
931 170 1067 242 Car
852 214 1240 377 Car
701 177 787 244 Car
671 176 718 226 Car
404 187 494 255 Car
5 276 247 375 Car
603 162 629 195 Car
560 167 584 187 Car
653 153 675 178 Van
451 155 527 219 Van
