468 187 497 236 Person_sitting
496 188 524 237 Person_sitting
400 168 420 242 Pedestrian
386 165 405 228 Pedestrian
827 4 864 316 Lamppost
643 131 656 179 Lamppost
673 107 688 202 Lamppost
869 78 975 231 Window
267 74 328 228 Window
306 4 340 41 Window
345 4 372 49 Window
377 1 393 63 Window
397 2 415 73 Window
418 21 437 88 Window
441 42 456 105 Window
545 31 568 64 Window
579 30 600 65 Window
624 18 646 50 Window
625 59 648 94 Window
580 80 603 113 Window
544 78 569 111 Window
513 78 532 113 Window
512 30 531 63 Window
767 36 790 64 Window
1076 101 1160 249 Door
42 108 105 269 Door
629 144 645 177 Door
