76 61 188 185 Window
226 109 283 161 Window
223 9 275 73 Window
368 122 402 188 Window
406 125 425 191 Window
377 30 409 95 Window
408 44 422 112 Window
442 74 453 118 Window
455 76 464 122 Window
439 136 456 183 Window
460 142 470 180 Window
966 50 1054 189 Window
840 92 896 186 Window
775 126 790 184 Window
756 131 781 184 Window
741 138 759 186 Window
722 144 740 183 Window
709 148 722 184 Window
790 111 841 224 Door
236 171 488 360 Car
534 176 577 219 Car
569 179 588 207 Car
596 176 613 204 Car
673 185 769 251 Car
648 180 691 220 Car
628 178 659 205 Car
