854 212 1222 372 Car
755 204 885 288 Car
730 193 805 258 Car
704 187 750 232 Car
530 181 577 214 Car
682 187 709 223 Car
498 182 530 261 Car
619 180 638 194 Car
648 179 668 198 Car
290 161 501 309 Van
674 154 688 168 Pedestrian_crossing
647 114 657 126 Pedestrian_crossing
599 122 608 132 Pedestrian_crossing
571 155 579 165 Pedestrian_crossing
1048 35 1093 114 Window
244 70 270 160 Window
161 47 193 158 Window
308 15 325 83 Window
359 103 370 163 Window
374 109 385 159 Window
362 3 374 25 Window
379 7 387 33 Window
592 177 617 190 Car
