788 47 843 100 Window
734 2 786 47 Window
734 48 785 97 Window
785 7 839 46 Window
655 9 672 126 Window
655 134 676 203 Window
773 126 806 166 Window
809 128 845 165 Window
743 129 774 166 Window
1079 109 1221 367 Pedestrian
540 162 609 296 Pedestrian
509 146 559 287 Pedestrian
470 138 523 287 Pedestrian
234 241 255 313 Pole
334 215 348 274 Pole
384 214 406 251 Pole
418 199 437 232 Pole
54 276 88 369 Pole
872 258 902 363 Pole
782 226 803 304 Pole
720 23 763 268 Lamppost
293 62 332 245 Lamppost
596 163 623 183 Car
