862 185 1159 333 Car
770 182 903 258 Car
731 161 813 229 Car
594 168 654 227 Car
263 181 474 254 Car
168 170 308 233 Car
6 181 178 260 Car
432 167 497 214 Car
490 175 525 212 Car
516 171 551 197 Car
1171 209 1242 374 Pedestrian
698 163 713 202 Pedestrian
136 15 167 77 Window
185 33 208 84 Window
236 51 248 94 Window
274 50 286 94 Window
304 62 314 99 Window
327 68 336 103 Window
346 72 355 107 Window
349 131 358 159 Window
329 129 339 159 Window
305 126 317 156 Window
266 128 294 170 Door
703 109 728 131 Window
746 107 765 137 Window
748 73 769 99 Window
745 44 769 67 Window
722 22 757 34 Window
706 47 731 68 Window
706 78 728 100 Window
528 117 553 145 Forbidden_to_stand_still
