1010 156 1073 353 Pedestrian
956 144 1016 316 Pedestrian
875 151 926 307 Pedestrian
821 145 882 313 Pedestrian
729 152 833 282 Cyclist
638 167 735 289 Cyclist
411 168 435 231 Cyclist
206 158 232 214 Pedestrian
165 153 202 214 Pedestrian
0 151 36 254 Pedestrian
1063 182 1150 228 Car
1145 184 1221 233 Car
606 173 636 199 Car
186 223 192 277 Pole
26 246 41 320 Pole
380 196 391 227 Pole
1084 83 1108 117 Home/Facade
1141 83 1170 121 Home/Facade
1204 88 1223 120 Home/Facade
1144 147 1167 184 Home/Facade
1208 150 1224 184 Home/Facade
1081 142 1106 178 Home/Facade
78 131 100 163 Home/Facade
131 134 151 164 Home/Facade
178 137 192 152 Home/Facade
215 141 226 157 Home/Facade
