251 88 292 163 Window
247 0 286 33 Window
141 58 210 155 Window
2 24 66 148 Window
3 253 53 297 Window
169 233 198 257 Window
269 218 287 240 Window
384 124 408 168 Window
386 40 402 83 Window
409 54 424 92 Window
445 110 458 159 Window
468 112 477 161 Window
489 117 499 159 Window
506 121 522 157 Window
551 94 569 126 Window
557 136 570 169 Window
591 141 609 165 Window
595 94 606 120 Window
591 53 605 73 Window
551 54 569 72 Window
504 59 514 95 Window
489 51 497 90 Window
464 42 481 88 Window
444 30 455 85 Window
353 23 368 60 Window
359 124 373 159 Window
361 205 377 224 Window
390 204 403 219 Window
616 140 624 167 Window
626 141 634 165 Window
637 141 642 161 Window
639 103 643 127 Window
628 101 633 126 Window
620 102 627 123 Window
616 58 622 78 Window
627 63 630 83 Window
636 72 642 89 Window
651 109 659 132 Window
660 107 667 131 Window
669 111 676 135 Window
684 112 689 132 Window
654 144 662 163 Window
661 149 667 163 Window
673 146 676 161 Window
683 147 689 163 Window
675 86 685 99 Window
660 84 671 93 Window
648 78 656 93 Window
526 97 534 125 Window
528 140 537 159 Window
931 47 947 63 Window
968 46 988 60 Window
965 92 985 104 Window
908 93 941 110 Window
905 129 922 154 Window
1152 82 1196 108 Window
1153 3 1189 33 Window
1053 11 1096 48 Window
1061 99 1094 127 Window
510 179 516 190 Window
493 180 504 190 Window
473 181 484 186 Window
451 181 462 191 Window
555 179 571 186 Window
620 176 624 183 Window
628 175 633 181 Window
639 172 644 182 Window
708 130 717 141 Window
710 106 716 118 Window
711 151 716 166 Window
725 150 730 165 Window
725 130 729 142 Window
854 111 865 126 Window
777 146 782 166 Window
785 147 788 167 Window
790 145 795 163 Window
716 172 777 225 Car
654 168 686 189 Car
687 168 708 188 Car
416 186 515 241 Car
902 145 948 274 Pedestrian
