712 207 946 328 Car
1133 169 1241 251 Car
1107 249 1240 372 Car
788 171 919 210 Car
587 192 647 234 Car
404 192 442 221 Car
439 188 460 214 Car
459 191 474 210 Car
38 232 251 342 Car
9 257 85 369 Car
627 152 644 172 Priority_crossing_point
785 40 811 74 Window
818 41 839 71 Window
816 87 842 119 Window
784 88 814 117 Window
785 138 814 154 Window
817 138 846 154 Window
928 121 1013 193 Window
1017 108 1153 198 Window
910 48 947 78 Window
949 37 988 68 Window
986 27 1048 60 Window
1045 5 1118 43 Window
