922 172 1187 320 Car
1209 221 1241 370 Car
788 179 951 277 Car
736 176 835 246 Car
714 179 751 229 Car
596 172 638 218 Car
502 181 532 201 Car
479 175 501 195 Car
683 178 711 210 Car
486 34 507 233 Lamppost
548 98 557 194 Lamppost
289 48 313 75 Window
319 84 342 106 Window
5 47 52 98 Window
356 85 367 109 Window
359 117 368 138 Window
368 84 383 111 Window
382 94 395 114 Window
369 121 382 145 Window
1130 6 1183 38 Window
852 141 879 170 Window
893 141 914 172 Window
927 138 953 170 Window
964 140 990 173 Window
809 101 828 127 Window
793 104 811 131 Window
