664 152 680 170 Pedestrian_crossing
615 91 629 107 Pedestrian_crossing
545 112 558 127 Pedestrian_crossing
505 163 519 178 Pedestrian_crossing
758 163 770 174 Closed_for_all_motor_vehicles
818 208 1193 374 Car
715 202 870 317 Car
675 198 750 270 Car
663 196 711 241 Car
621 195 653 220 Car
494 199 526 240 Car
462 199 505 248 Car
434 208 496 268 Car
294 210 452 310 Car
584 197 610 213 Car
555 194 581 209 Car
179 87 219 218 Window
242 102 272 215 Window
286 113 311 212 Window
319 119 339 210 Window
318 28 338 121 Window
285 11 308 112 Window
234 2 268 102 Window
179 2 217 88 Window
