902 188 964 372 Pedestrian
883 197 1240 370 Car
434 165 554 255 Car
778 196 907 270 Car
730 190 793 248 Car
700 184 728 219 Car
685 182 704 210 Car
556 175 593 206 Car
4 225 337 372 Car
124 159 260 227 Fence
328 93 363 175 Window
374 103 397 178 Window
403 158 421 203 Window
405 61 424 112 Window
431 17 460 75 Window
429 118 456 166 Window
375 3 396 50 Window
346 2 363 31 Window
72 74 208 164 Window
654 112 666 131 Pedestrian_crossing
683 150 693 165 Pedestrian_crossing
611 122 622 135 Pedestrian_crossing
585 152 598 167 Pedestrian_crossing
