1127 89 1143 363 Pole
735 159 742 214 Pole
361 56 378 216 Pole
65 118 90 311 Pole
730 128 750 157 Traffic_lights
956 13 992 74 Window
928 28 958 79 Window
465 98 487 132 Window
559 94 589 127 Window
437 98 461 129 Window
409 98 434 130 Window
404 46 445 83 Window
496 150 579 216 Car
436 174 488 205 Car
603 172 651 221 Cyclist
383 169 418 249 Cyclist
405 172 437 241 Cyclist
961 145 1037 372 Pedestrian
1006 146 1060 362 Pedestrian
881 209 921 316 Pedestrian
922 213 956 319 Pedestrian
126 190 157 253 Pedestrian
151 172 200 248 Pedestrian
97 187 129 259 Pedestrian
813 180 833 217 Person_sitting
792 173 819 211 Person_sitting
