798 45 830 96 Window
794 95 827 139 Window
896 99 916 129 Window
896 51 914 78 Window
930 148 966 176 Window
49 59 70 92 Window
842 227 1242 373 Car
902 172 1243 290 Car
848 187 966 283 Car
809 185 905 261 Car
794 190 850 242 Car
744 184 855 249 Car
722 187 808 241 Car
720 175 806 229 Car
629 185 679 218 Car
3 183 247 345 Car
25 178 260 281 Car
210 179 375 287 Car
243 183 379 265 Car
301 182 436 252 Car
298 168 460 240 Car
432 179 505 219 Car
475 184 522 216 Car
607 172 630 196 Car
533 184 552 224 Cyclist
978 57 986 188 Lamppost
691 117 702 212 Lamppost
