1014 177 1240 282 Car
719 186 834 266 Car
686 180 749 241 Car
366 192 475 270 Car
567 170 585 187 Car
607 168 632 195 Car
758 149 858 191 Van
658 157 682 183 Van
290 148 393 209 Van
432 164 515 228 Van
1143 57 1198 148 Window
1081 72 1123 151 Window
1020 86 1065 152 Window
988 91 1017 157 Window
941 96 981 154 Window
952 6 983 56 Window
988 1 1019 48 Window
1033 4 1059 40 Window
216 18 257 85 Window
113 5 171 62 Window
35 4 84 35 Window
486 87 515 110 Window
567 121 588 137 Window
628 144 652 184 Truck
