964 269 989 370 Pole
786 220 803 305 Pole
721 208 728 260 Pole
684 202 695 240 Pole
661 194 670 227 Pole
648 191 658 221 Pole
105 121 175 316 Door
464 168 495 254 Cyclist
370 175 422 283 Cyclist
965 160 1035 359 Pedestrian
787 169 820 225 Pedestrian
523 177 544 223 Pedestrian
542 177 559 220 Pedestrian
680 142 698 165 Priority_road
422 5 437 42 Window
448 17 459 67 Window
461 18 469 73 Window
477 42 491 89 Window
490 48 504 96 Window
373 3 394 36 Window
836 2 858 67 Window
815 18 831 80 Window
870 2 887 54 Window
919 3 943 34 Window
489 127 505 169 Window
275 85 362 214 Window
