882 85 929 130 Zone_max_speed_A01-30
774 155 1035 323 Van
49 158 218 238 Van
4 135 23 372 Pedestrian
223 168 409 269 Car
403 180 450 243 Car
441 175 497 236 Car
487 171 538 219 Car
584 178 652 235 Car
707 182 787 231 Car
685 171 731 206 Car
671 171 687 219 Pedestrian
503 112 518 139 Forbidden_to_stand_still
572 143 581 156 Forbidden_to_stand_still
535 167 564 198 Car
612 164 625 177 Car
1145 45 1239 219 Window
1020 83 1058 183 Window
685 75 705 97 Window
712 72 736 96 Window
684 97 705 121 Window
712 99 737 120 Window
685 123 705 143 Window
714 119 739 143 Window
313 11 330 56 Window
335 21 352 63 Window
287 62 309 116 Window
310 67 331 120 Window
340 73 353 121 Window
254 115 283 162 Window
293 125 306 160 Window
307 123 338 164 Window
255 49 279 103 Window
257 2 278 33 Window
289 6 304 48 Window
156 6 195 74 Window
210 23 235 86 Window
208 104 238 160 Window
174 107 199 150 Window
9 81 63 154 Window
94 6 132 61 Window
