888 196 923 257 Guidance_beacon_left
903 161 1242 370 Car
911 176 1057 229 Car
584 184 649 229 Car
240 185 406 285 Car
38 205 288 330 Car
390 181 496 248 Car
494 181 526 218 Car
476 157 556 207 Van
440 88 483 125 Forbidden_to_stand_still
731 181 760 244 Pedestrian
805 199 812 239 Pole
862 196 873 235 Pole
710 196 719 231 Pole
692 193 700 225 Pole
684 192 690 219 Pole
674 189 682 219 Pole
668 189 671 215 Pole
710 35 739 64 Window
760 35 788 62 Window
758 73 786 103 Window
709 75 746 102 Window
729 1 780 27 Window
714 109 740 139 Window
760 112 787 148 Window
238 52 256 110 Window
194 41 222 101 Window
151 26 174 92 Window
85 7 120 74 Window
150 111 173 180 Window
197 123 221 176 Window
233 125 258 170 Window
241 4 257 35 Window
72 117 121 192 Door
