955 207 966 254 Pole
925 207 943 239 Pole
1058 51 1083 84 Window
1083 54 1115 90 Window
1132 56 1154 83 Window
1151 58 1179 83 Window
1074 136 1106 168 Window
1118 138 1149 167 Window
1149 145 1182 181 Window
1120 168 1149 192 Window
993 47 1023 92 Window
224 44 248 86 Window
233 131 257 160 Window
209 135 233 157 Window
829 50 840 181 Lamppost
984 122 999 275 Pole
193 145 200 253 Pole
218 194 229 232 Pole
250 189 260 209 Pole
617 133 627 174 Lamppost
959 237 1241 372 Car
739 198 1012 361 Car
202 174 451 330 Car
1 192 303 375 Car
412 172 520 242 Car
497 167 547 221 Car
568 168 587 189 Car
678 172 749 230 Car
647 171 680 195 Car
635 155 672 187 Car
580 168 594 182 Car
