227 184 322 250 Car
255 171 448 301 Car
448 182 496 223 Car
865 30 920 93 Forbidden_to_stand_still
546 135 562 162 Forbidden_to_stand_still
635 43 700 114 Window
707 43 776 118 Window
780 45 850 112 Window
502 56 564 117 Window
569 52 632 121 Window
573 128 633 194 Window
637 131 704 182 Window
710 126 777 179 Window
433 130 496 175 Window
372 130 434 172 Window
377 59 438 122 Window
438 52 496 120 Window
434 4 494 51 Window
501 2 562 47 Window
570 2 631 44 Window
639 4 700 40 Window
706 7 775 37 Window
317 5 372 52 Window
377 5 428 54 Window
249 5 309 55 Window
253 66 311 127 Window
313 65 373 124 Window
76 39 155 249 Window
