204 100 251 176 Window
274 110 307 174 Window
327 120 344 174 Window
319 25 339 82 Window
269 1 302 71 Window
196 2 246 50 Window
378 60 390 101 Window
400 73 411 109 Window
420 82 429 115 Window
382 135 393 173 Window
404 135 414 174 Window
423 141 430 178 Window
418 26 427 55 Window
395 10 409 42 Window
376 4 388 28 Window
283 226 301 244 Window
222 233 243 261 Window
539 152 549 172 Window
538 114 550 138 Window
564 117 576 140 Window
566 149 579 171 Window
307 186 366 321 Cyclist
375 182 423 314 Cyclist
493 178 512 233 Cyclist
706 163 732 217 Pedestrian
360 174 455 253 Car
487 183 531 215 Car
613 169 640 190 Car
638 180 675 205 Car
973 42 989 79 Forbidden_to_stand_still
