1031 69 1119 132 Window
1037 135 1113 207 Window
1212 32 1237 120 Window
1217 121 1239 191 Window
80 48 161 232 Window
264 93 299 184 Window
298 104 334 182 Window
378 116 389 171 Window
394 120 410 174 Window
429 124 448 175 Window
297 0 327 68 Window
332 8 349 75 Window
348 18 368 78 Window
779 140 832 190 Window
793 171 1113 370 Car
980 170 1239 372 Car
498 165 549 215 Car
173 182 389 304 Car
2 196 100 372 Car
768 203 789 250 Pole
754 202 765 250 Pole
814 187 822 214 Pole
749 203 758 246 Pole
754 161 770 210 Pedestrian
768 158 786 209 Pedestrian
638 163 653 197 Pedestrian
