730 162 749 229 Pedestrian
217 163 262 274 Pedestrian
382 170 402 224 Pedestrian
453 170 472 219 Pedestrian
481 165 497 204 Pedestrian
779 165 819 245 Cyclist
566 170 584 201 Cyclist
584 169 598 201 Cyclist
583 157 632 199 Car
862 168 884 233 Pedestrian
845 168 868 228 Pedestrian
146 190 179 255 Person_sitting
102 186 134 227 Person_sitting
9 193 36 228 Person_sitting
358 183 379 221 Person_sitting
182 191 216 255 Person_sitting
37 186 60 208 Person_sitting
964 15 981 71 Window
944 28 956 78 Window
922 37 935 83 Window
894 55 903 92 Window
882 63 891 96 Window
872 67 881 98 Window
1176 113 1208 192 Window
1121 121 1153 188 Window
622 113 636 132 Window
553 115 567 135 Window
536 116 546 133 Window
523 81 532 98 Window
