679 143 702 168 Priority_crossing_point
792 214 1162 372 Car
874 169 1019 219 Car
792 171 901 206 Car
643 191 714 233 Car
631 182 666 216 Car
450 188 486 218 Car
481 188 503 210 Car
498 178 524 208 Car
4 214 263 374 Car
1037 19 1093 54 Window
1092 3 1163 36 Window
931 52 975 78 Window
938 119 1000 143 Window
1061 110 1128 188 Window
1136 91 1236 199 Window
822 80 850 109 Window
815 27 846 61 Window
852 29 879 63 Window
883 28 911 60 Window
887 77 915 112 Window
851 76 881 113 Window
817 131 848 166 Window
858 127 879 163 Window
886 129 913 161 Window
386 43 403 219 Lamppost
473 92 484 180 Lamppost
538 124 545 189 Lamppost
540 181 558 196 Car
572 181 588 190 Car
614 178 633 199 Car
