714 183 880 293 Car
662 184 725 235 Car
636 181 672 212 Car
381 202 472 263 Car
453 182 507 229 Car
504 187 536 219 Car
525 181 550 206 Car
551 184 566 199 Car
570 179 578 199 Cyclist
579 180 586 197 Cyclist
1081 61 1130 147 Window
1192 45 1242 135 Window
962 96 993 150 Window
902 102 938 157 Window
909 20 938 66 Window
958 4 989 53 Window
852 23 878 65 Window
850 87 883 129 Window
734 132 756 170 Window
721 138 737 174 Window
40 64 136 180 Window
264 75 292 177 Window
329 91 347 169 Window
354 90 374 170 Window
379 108 404 170 Window
400 93 422 128 Window
425 71 436 97 Window
425 133 440 159 Window
563 138 573 159 Window
583 140 592 159 Window
561 119 573 134 Window
580 117 590 135 Window
