213 158 381 298 Car
1 153 283 376 Car
581 180 638 230 Car
669 148 763 236 Car
427 169 506 244 Car
366 182 469 252 Car
417 82 452 126 Forbidden_to_stand_still
556 150 572 168 Forbidden_to_stand_still
941 102 998 192 Window
1100 100 1161 195 Window
1085 2 1122 44 Window
971 3 1014 47 Window
208 59 225 101 Window
237 68 259 111 Window
270 77 288 117 Window
297 86 317 123 Window
297 34 317 71 Window
268 17 290 60 Window
236 3 259 47 Window
175 12 191 57 Window
175 88 191 124 Window
126 38 148 86 Window
51 16 90 76 Window
