795 189 1134 368 Car
702 183 803 258 Car
649 144 721 224 Car
683 182 742 235 Car
305 183 428 287 Car
416 181 485 253 Car
515 184 544 204 Car
585 179 609 197 Car
2 215 322 375 Car
627 179 650 201 Car
608 180 630 200 Car
1042 85 1090 195 Pedestrian
1168 2 1235 85 Window
1038 3 1076 107 Window
896 66 912 144 Window
847 83 862 152 Window
91 24 147 170 Window
215 70 246 169 Window
292 90 329 171 Window
356 7 369 64 Window
390 23 403 85 Window
418 40 425 93 Window
431 55 441 101 Window
291 3 325 40 Window
950 39 981 187 Door
352 106 385 180 Door
