734 184 936 318 Car
699 179 783 256 Car
22 188 340 364 Car
317 183 447 291 Car
507 188 536 216 Car
579 185 608 209 Car
608 184 631 207 Car
626 184 651 212 Car
649 178 671 216 Car
648 145 752 233 Truck
816 94 874 157 Window
994 9 1079 154 Window
921 46 975 161 Window
766 23 801 66 Window
748 43 767 85 Window
733 57 749 92 Window
753 116 768 170 Window
770 111 786 172 Window
786 105 807 165 Window
146 37 236 182 Window
7 3 83 190 Window
332 99 367 183 Window
371 109 393 181 Window
396 119 417 180 Window
262 77 323 187 Window
328 1 361 67 Window
366 10 392 85 Window
394 22 412 94 Window
433 50 476 81 Window
445 97 475 136 Window
448 146 476 190 Window
1020 227 1067 266 Window
934 218 975 254 Window
640 108 656 126 Window
636 111 643 123 Window
