125 162 234 374 Pedestrian
323 168 390 317 Pedestrian
401 178 444 274 Pedestrian
446 179 462 234 Pedestrian
461 174 474 215 Pedestrian
852 149 907 303 Pedestrian
908 154 961 302 Pedestrian
112 6 239 113 Window
2 3 75 72 Window
644 34 657 74 Window
658 31 676 61 Window
676 17 695 49 Window
618 103 626 132 Window
783 229 812 341 Pole
704 215 717 279 Pole
657 202 672 263 Pole
604 196 616 231 Pole
574 190 581 213 Pole
584 189 596 218 Pole
561 185 571 210 Pole
304 102 363 228 Window
715 134 775 201 Window
854 103 946 159 Window
