862 175 894 239 Pedestrian
480 169 505 239 Pedestrian
595 180 675 246 Car
578 178 605 214 Car
263 178 336 215 Car
381 172 425 205 Car
675 165 732 220 Van
315 102 335 127 One_way_street
416 185 452 221 Commandment_to_pass_sign_on_arrow_indication_D02-RO
921 108 967 196 Door
1097 4 1139 83 Window
1174 9 1225 84 Window
932 5 966 79 Window
1019 3 1042 59 Window
990 8 1008 65 Window
858 22 879 77 Window
727 132 750 156 Zone_max_speed_A01-30
36 102 107 192 Window
148 107 202 185 Window
174 17 205 91 Window
125 5 163 80 Window
67 3 109 69 Window
676 73 707 90 Window
670 91 685 109 Window
671 111 684 127 Window
670 132 686 148 Window
225 39 248 95 Window
