593 185 681 254 Car
743 179 877 244 Car
697 184 746 218 Car
673 183 699 211 Car
427 188 488 227 Car
312 189 392 232 Car
383 180 425 220 Car
185 186 269 225 Car
6 210 120 285 Car
527 185 559 209 Car
572 179 594 203 Car
504 185 524 204 Car
178 201 227 328 Guidance_beacon_left
145 146 174 191 Window
191 151 215 187 Window
233 151 254 184 Window
230 88 253 127 Window
189 83 212 126 Window
139 83 171 121 Window
3 146 38 188 Window
1099 125 1143 184 Window
1147 110 1178 240 Lamppost
923 144 949 185 Window
921 92 943 137 Window
