189 179 336 236 Car
3 205 121 245 Car
846 169 928 209 Car
858 43 958 138 Give_way_sign
716 116 900 194 Car
1047 132 1122 296 Pedestrian
991 135 1051 292 Pedestrian
362 89 379 112 Window
339 89 356 110 Window
315 90 335 115 Window
295 92 312 111 Window
261 88 286 116 Window
239 90 263 116 Window
215 91 239 116 Window
189 91 217 120 Window
160 91 186 121 Window
135 95 158 118 Window
112 99 133 118 Window
85 97 112 122 Window
57 98 84 120 Window
32 98 56 122 Window
15 103 31 121 Window
55 35 76 66 Window
186 34 211 54 Window
211 34 236 57 Window
236 33 259 57 Window
259 33 282 56 Window
282 32 309 56 Window
312 32 334 53 Window
335 32 355 52 Window
355 29 379 51 Window
946 191 957 234 Pole
877 199 889 246 Pole
981 188 989 230 Pole
