410 180 510 249 Car
928 148 995 206 Cyclist
864 154 913 202 Cyclist
710 162 742 200 Cyclist
832 157 847 197 Cyclist
298 178 354 228 Cyclist
542 167 565 219 Pedestrian
239 181 263 229 Pedestrian
761 116 773 141 Traffic_lights
560 25 573 54 Traffic_lights
404 130 418 156 Traffic_lights
1082 147 1198 185 Car
978 156 1077 190 Car
143 197 194 249 Commandment_to_pass_sign_on_arrow_indication_D02-RO
1170 187 1179 218 Pole
1110 187 1120 214 Pole
1062 192 1068 208 Pole
1021 192 1027 205 Pole
684 214 951 364 Bus_lane
768 90 787 109 Priority_road
