574 175 620 215 Car
496 167 533 205 Car
455 11 478 29 Window
545 10 571 32 Window
571 9 603 31 Window
604 10 632 30 Window
632 9 662 30 Window
662 9 697 32 Window
454 42 480 63 Window
480 45 512 63 Window
512 45 541 64 Window
541 46 573 64 Window
573 46 605 65 Window
605 45 632 65 Window
632 45 659 62 Window
659 46 697 62 Window
514 78 542 98 Window
542 78 573 98 Window
573 78 602 97 Window
602 77 632 97 Window
632 77 656 95 Window
510 111 541 129 Window
541 110 570 129 Window
570 110 603 129 Window
605 111 632 127 Window
635 111 651 129 Window
430 93 463 128 Window
