930 216 1241 376 Car
768 190 1024 339 Car
722 187 822 268 Car
258 196 378 280 Car
348 180 430 218 Car
1 200 267 348 Car
701 135 847 179 Truck
817 155 843 187 Pedestrian
787 158 815 188 Pedestrian
1005 155 1021 179 Pedestrian
705 133 735 160 Give_way_sign
410 151 444 165 Window
381 151 409 166 Window
338 156 370 167 Window
299 157 334 167 Window
268 157 294 171 Window
242 158 268 172 Window
248 174 267 192 Window
272 171 295 191 Window
300 169 334 191 Window
339 169 370 190 Window
412 164 443 185 Window
384 166 409 178 Window
143 176 200 189 Window
141 163 197 171 Window
86 164 133 172 Window
86 177 133 188 Window
62 166 80 175 Window
33 168 46 178 Window
14 168 26 180 Window
1152 61 1182 91 Window
1090 69 1142 100 Window
1045 79 1078 107 Window
1076 4 1095 263 Lamppost
