980 188 1086 303 Cyclist
697 168 789 252 Van
586 199 663 256 Car
440 197 499 245 Car
133 193 251 256 Car
297 187 362 219 Car
247 219 311 278 Commandment_to_pass_sign_on_arrow_indication_D02-RO
765 132 793 163 Zone_max_speed_A01-30
532 150 543 168 Forbidden_to_stand_still
572 166 583 176 Forbidden_to_stand_still
134 74 170 117 One_way_street
913 119 942 155 Traffic_lights
1055 103 1105 213 Door
1146 101 1174 168 Window
956 1 986 49 Window
908 3 925 73 Window
885 12 904 81 Window
870 22 882 102 Window
188 140 211 187 Window
224 142 242 184 Window
278 148 292 186 Window
298 148 312 184 Window
296 86 316 127 Window
271 71 288 120 Window
235 61 252 116 Window
674 101 691 116 Window
669 123 688 138 Window
674 148 693 160 Window
407 113 427 151 Traffic_lights
407 182 442 287 Pedestrian
