680 171 864 295 Car
778 163 896 221 Car
868 164 970 208 Car
956 160 1023 210 Car
1011 148 1095 205 Car
589 168 687 217 Car
545 107 581 142 Window
586 108 620 141 Window
664 45 703 92 Window
697 33 731 84 Window
738 24 782 75 Window
801 22 838 76 Window
854 16 886 80 Window
891 24 917 88 Window
852 103 890 164 Window
804 97 842 160 Window
894 105 920 161 Window
924 104 948 161 Window
948 107 975 156 Window
983 105 1007 158 Window
1126 103 1146 131 Window
1115 138 1135 164 Window
1217 113 1234 150 Window
109 159 276 220 Fence
281 161 345 215 Fence
396 155 444 207 Fence
