602 179 671 235 Car
586 172 613 209 Car
379 176 425 207 Car
1049 169 1190 211 Car
655 165 690 201 Van
948 114 961 136 One_way_street
433 132 445 146 One_way_street
763 168 800 209 Cyclist
855 135 865 154 Traffic_lights
502 181 522 199 Commandment_to_pass_sign_on_arrow_indication_D02-RO
948 160 985 235 Pedestrian
693 141 709 159 Zone_max_speed_A01-30
278 63 294 110 Window
303 70 321 117 Window
304 13 318 61 Window
274 5 294 53 Window
199 47 228 95 Window
167 47 194 96 Window
113 50 149 96 Window
60 53 82 96 Window
30 52 56 96 Window
111 1 145 22 Window
28 3 83 25 Window
772 72 786 105 Window
773 16 786 38 Window
895 55 920 98 Window
927 60 941 101 Window
947 57 959 100 Window
988 60 1003 99 Window
1009 60 1021 98 Window
1039 62 1054 96 Window
1084 62 1105 97 Window
1119 61 1136 95 Window
992 1 1021 38 Window
