751 167 785 250 Pedestrian
773 161 817 254 Pedestrian
436 186 454 256 Pedestrian
382 177 426 275 Pedestrian
342 172 393 315 Pedestrian
295 169 344 312 Pedestrian
147 157 228 373 Pedestrian
560 178 573 220 Pedestrian
574 173 587 205 Pedestrian
485 182 495 205 Cyclist
498 183 505 206 Cyclist
61 94 184 299 Window
63 2 111 88 Window
121 20 145 96 Window
156 34 185 104 Window
209 57 253 121 Window
267 77 314 135 Window
769 5 789 64 Window
791 3 815 63 Window
819 5 839 50 Window
695 218 711 286 Pole
650 205 661 255 Pole
618 199 629 242 Pole
548 190 554 211 Pole
538 191 543 210 Pole
530 188 535 209 Pole
