592 177 640 219 Car
489 172 531 209 Car
392 8 423 28 Window
455 10 483 31 Window
487 9 517 29 Window
518 9 550 30 Window
550 12 580 31 Window
580 7 612 31 Window
611 7 645 30 Window
645 9 677 30 Window
677 9 711 30 Window
711 8 744 30 Window
459 42 485 62 Window
485 44 514 62 Window
514 44 550 65 Window
550 43 580 65 Window
580 43 615 66 Window
615 42 647 66 Window
647 42 674 64 Window
674 42 710 64 Window
710 42 743 62 Window
515 77 547 98 Window
547 76 582 98 Window
583 74 613 97 Window
613 77 643 97 Window
643 77 668 95 Window
515 112 546 131 Window
546 110 580 131 Window
580 110 610 132 Window
610 113 645 132 Window
645 113 664 132 Window
429 90 458 126 Window
