1019 149 1145 365 Pedestrian
800 157 860 319 Pedestrian
173 171 230 336 Pedestrian
64 182 136 301 Pedestrian
763 188 794 263 Person_sitting
737 184 757 222 Person_sitting
1197 86 1237 284 Door
939 61 982 262 Door
366 166 492 252 Van
486 166 521 225 Van
46 65 177 137 Window
255 80 318 145 Window
259 153 322 246 Window
876 83 938 246 Window
599 168 620 226 Pedestrian
619 167 639 228 Pedestrian
521 168 540 232 Pedestrian
679 62 707 192 Lamppost
600 73 607 87 Window
601 99 610 114 Window
552 115 558 127 Window
548 85 556 99 Window
352 106 379 150 Window
