1 230 215 377 Car
182 203 417 339 Car
763 175 967 308 Car
883 214 1241 374 Car
1089 138 1240 164 Car
647 173 703 213 Car
592 175 628 198 Car
1102 107 1140 142 Window
1166 103 1204 135 Window
974 22 1013 64 Window
980 109 1019 155 Window
827 111 854 158 Window
133 126 197 208 Window
210 131 256 203 Window
27 114 117 212 Window
774 67 821 111 Pedestrian_crossing
502 14 532 44 Pedestrian_crossing
427 115 456 142 Pedestrian_crossing
951 105 967 131 One_way_street
473 231 749 262 Pedestrian_crossing_marking
