608 103 620 125 Window
535 108 550 128 Window
514 106 527 130 Window
489 106 501 130 Window
498 68 511 87 Window
482 73 494 88 Window
922 36 940 74 Window
907 46 916 79 Window
888 51 899 88 Window
964 14 978 59 Window
995 2 1013 45 Window
1027 1 1052 32 Window
918 165 943 247 Pedestrian
895 161 920 236 Pedestrian
1084 154 1122 284 Pedestrian
323 168 355 229 Pedestrian
585 167 605 200 Pedestrian
562 153 623 194 Van
744 157 766 233 Pedestrian
830 163 876 262 Cyclist
534 166 555 200 Cyclist
555 166 574 203 Cyclist
2 158 47 327 Pedestrian
996 203 1044 287 Person_sitting
1044 207 1094 288 Person_sitting
121 178 147 236 Person_sitting
148 182 167 240 Person_sitting
297 184 324 223 Person_sitting
370 175 386 203 Person_sitting
434 174 456 201 Person_sitting
464 161 475 193 Pedestrian
387 166 403 209 Pedestrian
401 160 419 229 Pedestrian
