772 180 954 292 Car
949 224 1240 372 Car
222 180 436 302 Car
0 179 225 290 Car
370 183 462 263 Car
447 178 545 229 Car
598 180 659 236 Car
739 181 779 271 Pedestrian
237 2 315 50 Forbidden_to_stand_still
564 138 579 160 Forbidden_to_stand_still
693 172 745 222 Car
711 184 752 232 Car
730 186 803 248 Car
521 176 565 211 Car
548 165 599 195 Car
701 124 724 148 Window
733 127 758 148 Window
735 98 762 117 Window
703 97 724 116 Window
704 71 723 90 Window
735 71 757 88 Window
17 2 53 54 Window
14 118 54 160 Window
158 121 185 166 Window
169 44 188 87 Window
212 38 227 92 Window
292 76 309 104 Window
296 136 305 170 Window
257 136 267 166 Window
320 79 331 117 Window
313 21 336 58 Window
341 35 356 70 Window
340 80 355 124 Window
366 86 376 120 Window
366 36 373 71 Window
380 47 390 79 Window
383 92 391 123 Window
395 99 404 128 Window
399 54 406 86 Window
409 101 418 128 Window
380 139 392 170 Window
395 141 404 168 Window
255 63 270 106 Window
