803 174 870 328 Pedestrian
918 167 999 365 Pedestrian
973 122 1239 371 Cyclist
851 143 1058 347 Cyclist
599 178 631 211 Car
348 191 413 224 Car
122 188 149 236 Pedestrian
36 203 62 244 Pedestrian
127 241 160 325 Pole
237 223 266 285 Pole
317 217 331 267 Pole
174 221 196 273 Pole
430 202 443 228 Pole
386 210 401 239 Pole
353 220 366 240 Pole
447 201 455 217 Pole
459 198 468 224 Pole
474 199 484 214 Pole
879 0 947 81 Traffic_lights
1106 2 1174 23 Window
1110 93 1148 119 Window
1115 139 1138 159 Window
1055 9 1083 33 Window
