687 190 773 245 Car
968 171 1152 232 Car
961 246 1242 372 Car
1 234 156 376 Car
477 185 525 218 Car
520 183 536 215 Car
536 187 548 210 Car
538 184 558 205 Car
580 180 598 196 Car
658 178 682 199 Car
676 186 717 220 Car
862 180 973 213 Car
731 138 757 163 Priority_crossing_point
1024 40 1041 73 Window
1044 36 1064 71 Window
1065 27 1088 63 Window
1093 20 1110 58 Window
1128 14 1149 51 Window
958 25 982 50 Window
960 79 981 100 Window
921 81 940 101 Window
921 21 939 47 Window
884 21 908 46 Window
884 75 907 101 Window
919 134 941 149 Window
960 130 981 148 Window
992 133 1010 172 Window
885 135 911 163 Window
1039 122 1054 139 Window
1058 120 1082 137 Window
1083 119 1100 133 Window
