823 176 1000 289 Car
719 179 847 243 Car
594 177 658 239 Car
165 181 345 276 Car
444 181 513 219 Car
574 171 598 197 Car
71 179 228 265 Car
326 179 393 223 Car
3 205 75 287 Car
1170 13 1193 79 Window
1092 40 1110 94 Window
1033 52 1045 105 Window
1168 117 1197 172 Window
1035 134 1054 176 Window
366 97 382 130 Window
334 95 351 125 Window
366 156 384 178 Window
337 152 350 179 Window
298 150 313 180 Window
198 157 216 175 Window
133 154 158 178 Window
60 154 84 184 Window
312 28 324 62 Window
345 38 358 67 Window
220 12 231 36 Window
1089 125 1119 212 Door
663 173 687 188 Car
