308 176 356 301 Pedestrian
485 172 503 212 Pedestrian
726 167 769 245 Person_sitting
540 177 561 204 Person_sitting
525 179 544 206 Person_sitting
775 95 883 202 Window
700 126 758 187 Window
109 3 254 260 Window
279 64 338 181 Window
378 4 411 75 Window
409 14 423 94 Window
442 43 454 105 Window
454 52 466 114 Window
466 64 474 115 Window
476 72 489 119 Window
523 89 541 126 Window
520 52 542 88 Window
546 57 569 86 Window
549 94 568 122 Window
575 91 599 126 Window
576 57 598 87 Window
615 46 634 74 Window
610 75 635 107 Window
502 18 523 39 Window
562 19 576 39 Window
913 95 980 147 Window
393 121 419 219 Window
420 124 446 205 Window
