131 172 385 299 Car
354 160 438 269 Car
584 183 639 226 Car
660 154 739 225 Van
458 176 515 224 Van
431 181 485 231 Car
914 5 950 64 Window
1009 3 1045 58 Window
1018 109 1073 193 Window
892 110 938 187 Window
115 38 148 90 Window
174 53 194 99 Window
214 30 232 69 Window
216 94 232 139 Window
172 128 193 168 Window
245 76 255 108 Window
264 79 281 121 Window
245 10 254 50 Window
267 24 283 59 Window
293 37 307 70 Window
317 47 333 79 Window
339 59 353 85 Window
292 90 309 121 Window
318 98 331 124 Window
340 104 350 125 Window
