1002 149 1076 333 Pedestrian
511 166 556 258 Pedestrian
466 163 509 267 Pedestrian
408 164 438 253 Pedestrian
380 163 403 259 Pedestrian
329 163 361 262 Pedestrian
304 162 327 240 Pedestrian
276 156 293 194 Pedestrian
194 152 207 195 Pedestrian
261 150 272 188 Pedestrian
560 166 568 191 Cyclist
779 289 797 369 Pole
182 223 193 275 Pole
29 246 41 320 Pole
1052 185 1151 232 Car
1140 184 1221 230 Car
598 174 638 202 Car
1078 81 1115 123 Window
1141 82 1170 121 Window
1206 82 1223 125 Window
1142 140 1171 184 Window
1080 140 1108 183 Window
951 152 987 198 Window
786 80 801 112 Window
771 84 782 118 Window
759 92 767 122 Window
173 135 190 168 Window
210 137 233 171 Window
127 130 158 169 Window
73 129 105 168 Window
2 123 42 165 Window
464 120 473 160 Lamppost
