586 183 643 231 Car
653 181 682 205 Car
281 185 436 264 Car
684 148 797 243 Van
394 172 491 250 Van
4 147 250 374 Van
1008 76 1083 212 Window
1208 74 1242 219 Window
55 17 88 74 Window
117 67 149 122 Window
54 112 84 149 Window
165 45 185 95 Window
198 56 225 104 Window
162 126 187 149 Window
199 131 227 152 Window
123 3 145 45 Window
277 26 293 59 Window
306 37 319 71 Window
277 83 294 119 Window
303 91 318 121 Window
275 141 294 172 Window
302 140 319 174 Window
485 183 522 229 Car
509 178 536 205 Car
532 177 553 205 Car
