800 166 834 239 Pedestrian
610 170 622 195 Pedestrian
618 169 628 197 Pedestrian
577 171 589 192 Pedestrian
681 180 769 244 Car
659 174 709 232 Car
540 171 565 193 Car
1056 202 1242 375 Car
473 178 497 247 Cyclist
499 171 518 224 Cyclist
957 65 1033 141 Window
844 76 868 198 Window
808 96 824 174 Window
781 109 795 193 Window
311 3 322 65 Window
324 11 336 73 Window
365 33 376 83 Window
376 36 384 89 Window
395 41 403 97 Window
410 55 421 100 Window
2 102 472 376 Car
426 60 435 108 Window
439 71 445 112 Window
450 76 455 118 Window
459 87 468 120 Window
468 91 471 126 Window
397 125 407 176 Window
414 127 425 176 Window
372 117 384 171 Window
261 3 276 48 Window
239 1 251 37 Window
123 75 150 97 Window
156 79 182 97 Window
