4 200 418 375 Car
360 173 521 292 Car
505 181 546 243 Car
534 188 571 221 Car
667 177 786 228 Car
639 178 697 208 Car
545 169 587 210 Car
840 248 865 361 Pole
985 270 1016 373 Pole
786 240 804 325 Pole
757 233 776 307 Pole
735 222 752 287 Pole
727 221 735 276 Pole
712 219 724 266 Pole
706 218 713 258 Pole
697 218 704 252 Pole
691 218 698 244 Pole
681 211 691 238 Pole
989 163 1070 239 Cyclist
1131 127 1180 260 Window
1177 122 1238 269 Window
1174 71 1234 121 Window
1132 78 1176 126 Window
1057 95 1096 138 Window
1064 137 1094 198 Window
1005 102 1041 132 Window
1005 137 1038 228 Window
946 147 972 217 Window
97 55 165 186 Window
255 93 285 187 Window
289 98 319 183 Window
0 33 91 190 Window
285 2 318 53 Window
184 77 232 207 Window
880 26 930 84 Window
