577 145 579 156 Pedestrian
581 150 647 367 Pedestrian
644 164 681 347 Pedestrian
679 150 725 351 Pedestrian
721 169 767 352 Pedestrian
758 149 820 330 Pedestrian
840 157 893 338 Pedestrian
892 149 982 370 Pedestrian
996 152 1112 368 Pedestrian
525 143 574 258 Pedestrian
271 166 348 337 Pedestrian
252 140 291 187 Pedestrian
309 146 338 177 Pedestrian
720 141 756 178 Pedestrian
485 138 501 182 Pedestrian
501 145 511 182 Pedestrian
5 96 262 380 Truck
573 31 603 97 Window
524 34 555 93 Window
474 29 501 93 Window
405 65 442 102 Window
569 2 608 21 Window
607 81 626 141 Lamppost
657 140 682 169 Pedestrian
