792 170 1009 283 Car
586 172 686 274 Car
693 168 784 211 Car
222 184 326 239 Car
7 180 206 271 Car
389 177 451 209 Car
441 168 471 203 Car
475 171 506 195 Car
517 172 551 190 Car
416 182 439 237 Guidance_beacon_left
506 44 523 221 Lamppost
1086 32 1104 84 Window
1149 10 1178 71 Window
1152 105 1176 160 Window
1034 49 1048 92 Window
1034 121 1052 165 Window
118 138 141 170 Window
168 139 185 174 Window
283 146 296 171 Window
311 145 320 170 Window
350 150 363 174 Window
553 99 565 195 Lamppost
1083 121 1112 206 Door
199 157 230 193 Door
