539 170 582 207 Car
204 184 349 232 Car
952 18 1008 74 Priority_road
857 3 898 86 Traffic_lights
387 180 397 213 Guidance_beacon_left
673 179 683 205 Guidance_beacon_left
650 175 658 201 Guidance_beacon_left
642 175 647 194 Guidance_beacon_left
480 280 752 325 Bicycle_lane
380 60 390 75 Window
397 61 407 75 Window
410 59 422 74 Window
378 80 394 92 Window
395 76 407 90 Window
413 79 422 89 Window
381 92 391 104 Window
400 92 409 104 Window
412 95 422 104 Window
382 105 392 120 Window
398 109 407 119 Window
412 108 422 119 Window
384 125 393 134 Window
398 125 408 133 Window
413 121 423 134 Window
385 137 392 148 Window
402 137 407 149 Window
417 137 427 148 Window
388 155 394 162 Window
403 155 408 167 Window
416 152 425 163 Window
