777 115 819 205 Window
822 113 858 202 Window
865 113 902 201 Window
907 113 950 203 Window
952 112 994 203 Window
949 3 988 65 Window
904 7 942 63 Window
863 3 901 64 Window
821 3 857 67 Window
776 2 812 66 Window
589 43 633 90 Window
639 46 679 89 Window
640 2 684 28 Window
589 3 630 33 Window
537 4 582 32 Window
490 4 531 31 Window
435 4 481 33 Window
381 3 427 33 Window
348 3 374 34 Window
349 46 374 93 Window
383 47 430 92 Window
437 48 478 89 Window
489 46 531 89 Window
539 46 580 86 Window
591 100 635 142 Window
646 103 677 145 Window
540 100 583 141 Window
489 101 532 144 Window
437 99 480 144 Window
386 102 430 145 Window
350 100 378 149 Window
383 158 420 188 Window
433 156 454 193 Window
467 155 480 202 Window
490 155 528 202 Window
349 159 379 192 Window
66 1 107 47 Window
315 22 329 90 Window
1122 6 1166 68 Window
1167 5 1208 64 Window
1078 2 1115 66 Window
1044 4 1076 62 Window
261 203 406 286 Car
394 190 460 247 Car
1 179 229 374 Car
1103 143 1241 315 Van
