286 176 319 250 Cyclist
383 185 441 222 Car
164 202 274 250 Car
312 188 371 227 Car
506 174 537 202 Car
434 165 482 196 Van
1028 2 1076 62 Traffic_lights
964 6 1014 78 Traffic_lights
681 134 690 155 Traffic_lights
739 143 747 156 Traffic_lights
902 207 915 246 Pole
915 198 922 236 Pole
207 57 241 74 Window
253 60 289 77 Window
301 63 330 77 Window
298 26 328 44 Window
253 26 288 42 Window
211 93 245 108 Window
258 94 288 111 Window
260 131 289 142 Window
212 131 247 144 Window
355 32 392 56 Window
6 223 145 255 Fence
