388 179 424 282 Cyclist
434 180 465 277 Cyclist
507 177 524 223 Cyclist
4 215 163 381 Car
252 104 287 171 Window
307 114 335 171 Window
246 4 281 50 Window
300 14 335 71 Window
344 31 366 86 Window
393 61 405 102 Window
413 73 422 107 Window
429 81 442 118 Window
349 123 364 175 Window
395 131 408 169 Window
414 135 427 172 Window
432 138 442 171 Window
706 164 726 212 Pedestrian
639 176 671 200 Car
615 170 638 185 Car
540 117 552 140 Window
566 117 578 137 Window
568 147 582 172 Window
538 150 554 172 Window
461 104 471 128 Window
485 136 493 167 Window
496 136 502 169 Window
503 138 512 166 Window
515 143 522 166 Window
831 79 843 104 Window
829 25 841 52 Window
918 61 933 95 Forbidden_to_stand_still
539 87 549 102 Window
1016 275 1242 374 Car
