119 184 339 315 Car
268 172 432 283 Car
55 169 205 276 Car
231 165 296 201 Car
399 178 503 236 Car
575 178 639 232 Car
852 151 1221 362 Car
481 172 527 209 Car
843 191 886 259 Guidance_beacon
708 36 741 67 Window
754 32 787 65 Window
752 70 783 100 Window
708 71 740 101 Window
712 109 737 137 Window
752 110 786 147 Window
712 156 733 179 Window
755 158 781 178 Window
721 7 775 31 Window
214 42 239 99 Window
249 56 273 102 Window
218 118 239 168 Window
175 110 197 168 Window
117 14 141 70 Window
217 2 239 25 Window
253 3 279 38 Window
419 86 429 110 Window
419 117 431 144 Window
810 41 822 71 Window
810 75 824 109 Window
804 113 826 140 Window
824 45 832 75 Window
824 80 833 109 Window
825 115 833 143 Window
808 14 820 33 Window
821 19 832 41 Window
831 22 837 42 Window
837 25 851 45 Window
474 127 485 237 Pole
699 192 713 222 Pole
719 191 729 229 Pole
746 194 755 229 Pole
783 199 799 231 Pole
724 179 746 231 Pedestrian
629 167 658 195 Van
482 154 553 214 Van
447 97 455 119 Window
449 126 456 151 Window
438 84 447 99 Window
438 134 445 161 Window
