131 186 306 259 Car
2 193 127 237 Car
405 180 489 219 Car
492 172 557 218 Car
636 175 708 235 Car
954 173 1239 374 Car
717 170 769 194 Car
739 127 748 138 Priority_road
626 91 632 104 Traffic_lights
534 146 543 158 Traffic_lights
166 268 419 359 Continious_lane
423 263 479 375 Continious_lane
214 55 235 99 Window
270 66 296 107 Window
317 71 342 117 Window
272 140 300 185 Window
319 144 346 184 Window
213 140 243 184 Window
127 42 165 94 Window
46 147 81 187 Window
600 79 609 90 Window
285 3 311 35 Window
231 1 259 23 Window
