1036 249 1241 372 Car
819 190 1068 329 Car
737 180 857 262 Car
719 182 762 241 Car
706 177 728 223 Car
687 179 706 215 Car
16 208 317 372 Car
306 192 431 272 Car
413 189 480 247 Car
506 178 542 214 Car
539 178 557 208 Car
582 173 630 190 Car
1192 2 1242 82 Window
1118 3 1189 88 Window
1062 1 1120 97 Window
1009 4 1062 109 Window
975 16 1016 114 Window
946 26 975 120 Window
915 42 949 124 Window
896 51 915 125 Window
800 77 838 123 Window
853 71 892 110 Window
1193 91 1239 233 Window
1117 101 1189 229 Window
1060 105 1117 227 Window
1016 111 1058 220 Window
974 115 1012 192 Window
941 120 974 191 Window
123 29 170 104 Window
3 0 67 93 Window
125 130 168 174 Window
802 150 834 179 Window
859 143 891 183 Window
