142 198 197 292 Cyclist
323 203 401 249 Car
234 210 321 256 Car
4 221 141 290 Car
482 190 521 221 Car
517 195 532 217 Car
411 177 459 214 Van
170 29 208 50 Window
220 33 258 51 Window
270 36 303 57 Window
171 65 212 84 Window
220 66 260 87 Window
270 71 304 90 Window
171 104 214 123 Window
223 105 262 123 Window
272 106 305 124 Window
171 142 212 159 Window
227 144 262 159 Window
271 142 308 157 Window
176 181 210 199 Window
1003 103 1037 156 Traffic_lights
804 58 829 92 Traffic_lights
758 78 773 107 Traffic_lights
740 147 754 172 Traffic_lights
673 145 686 168 Traffic_lights
1152 173 1239 266 Car
534 187 551 202 Commandment_to_pass_sign_on_arrow_indication_D02-RO
939 172 974 193 Car
972 169 992 188 Car
990 168 1013 186 Car
330 39 369 66 Window
