833 139 1240 373 Car
756 183 889 301 Car
509 176 546 211 Car
272 193 419 276 Car
1 205 256 366 Car
256 90 294 235 Door
6 34 71 195 Window
183 78 239 217 Window
310 103 338 196 Window
342 114 363 193 Window
204 6 238 32 Window
259 4 290 53 Window
311 2 331 70 Window
336 10 360 86 Window
365 33 380 91 Window
429 55 441 111 Window
445 67 458 119 Window
459 77 469 119 Window
631 174 648 204 Pedestrian
726 168 738 210 Pedestrian
738 168 756 220 Pedestrian
923 25 989 151 Window
1029 13 1133 144 Window
