581 178 639 228 Car
403 183 475 231 Car
301 161 412 278 Car
51 167 347 327 Car
663 153 752 230 Van
446 172 513 231 Van
909 99 959 204 Window
1059 104 1109 198 Window
902 2 938 74 Window
940 3 979 56 Window
1046 6 1079 51 Window
1087 4 1128 71 Window
81 25 123 87 Window
145 45 171 91 Window
195 87 214 132 Window
194 18 211 65 Window
222 1 241 39 Window
226 67 241 104 Window
248 73 270 111 Window
253 14 271 52 Window
283 31 296 65 Window
308 43 324 75 Window
329 55 343 81 Window
281 78 302 115 Window
305 94 325 121 Window
331 99 343 123 Window
149 124 170 168 Window
