2 176 309 359 Car
388 160 484 231 Car
449 154 511 210 Car
507 158 526 196 Car
521 157 534 186 Car
719 36 843 80 Window
869 32 967 81 Window
719 110 788 160 Window
378 69 396 158 Lamppost
356 44 391 92 Window
285 46 315 95 Window
284 118 317 172 Window
75 53 135 145 Window
459 7 490 40 Window
496 5 530 39 Window
534 3 569 40 Window
572 5 608 37 Window
611 4 646 38 Window
496 46 530 77 Window
532 45 569 77 Window
570 45 608 79 Window
609 44 646 77 Window
495 86 532 120 Window
533 86 569 120 Window
571 85 611 122 Window
612 84 647 121 Window
