107 183 353 287 Car
2 209 63 272 Car
4 187 77 224 Car
357 185 408 225 Car
426 187 492 225 Car
548 44 571 75 Window
518 43 543 77 Window
493 46 516 79 Window
467 51 487 79 Window
381 57 454 86 Window
327 57 377 90 Window
254 63 322 97 Window
190 72 252 100 Window
129 76 189 105 Window
71 80 126 107 Window
71 19 87 44 Window
87 19 111 41 Window
111 14 127 41 Window
128 14 149 34 Window
149 10 166 34 Window
167 9 189 29 Window
189 5 206 30 Window
208 5 231 20 Window
231 4 251 23 Window
256 5 273 22 Window
275 3 300 20 Window
587 45 613 81 Window
611 54 634 88 Window
