1050 98 1119 233 Window
1119 88 1200 233 Window
1200 88 1238 242 Window
1202 5 1239 82 Window
1118 5 1200 84 Window
1048 1 1120 91 Window
967 10 1047 70 Window
967 132 1049 189 Window
856 138 919 189 Window
855 42 916 99 Window
806 187 1117 358 Car
1008 251 1240 375 Car
745 182 871 276 Car
706 177 788 241 Car
700 178 748 220 Car
3 209 309 374 Car
427 180 495 228 Car
479 178 521 220 Car
577 171 624 193 Car
639 171 676 191 Car
663 165 678 197 Pedestrian
477 45 527 198 Lamppost
520 67 540 196 Lamppost
613 147 625 166 Traffic_lights
717 147 731 161 Give_way_sign
