868 225 1241 372 Car
667 190 740 241 Car
656 184 694 221 Car
0 226 221 376 Car
470 188 512 217 Car
505 185 524 212 Car
929 170 1089 223 Car
831 177 938 206 Car
988 124 1009 142 Window
1013 118 1032 139 Window
1036 118 1051 138 Window
985 45 1000 77 Window
1002 42 1019 74 Window
1020 34 1041 67 Window
1043 27 1061 63 Window
1130 1 1157 47 Window
1165 1 1197 40 Window
925 29 953 54 Window
854 28 878 52 Window
856 78 880 103 Window
925 80 953 106 Window
855 136 883 159 Window
925 134 954 150 Window
407 21 470 221 Lamppost
495 88 503 183 Lamppost
711 142 734 163 Priority_crossing_point
564 180 583 197 Car
640 176 663 199 Car
