66 154 458 374 Van
108 182 153 260 Pedestrian
7 185 68 374 Pedestrian
767 170 791 222 Pedestrian
495 175 501 201 Pedestrian
502 174 507 206 Pedestrian
507 174 516 206 Pedestrian
516 174 526 207 Pedestrian
690 170 711 228 Person_sitting
538 184 551 209 Person_sitting
551 183 562 209 Person_sitting
915 2 956 37 Window
854 1 892 59 Window
814 24 843 75 Window
811 126 845 168 Window
552 68 568 96 Window
576 72 598 97 Window
612 61 630 83 Window
616 88 629 115 Window
579 104 595 131 Window
553 99 572 130 Window
535 106 548 128 Window
535 69 545 96 Window
906 112 983 268 Door
708 69 736 192 Lamppost
