1029 157 1106 323 Pedestrian
1162 140 1227 302 Pedestrian
786 154 818 260 Pedestrian
879 159 974 341 Pedestrian
675 161 708 261 Pedestrian
652 165 674 255 Pedestrian
606 166 643 267 Pedestrian
272 172 305 255 Pedestrian
120 178 189 365 Pedestrian
51 176 118 263 Pedestrian
14 266 118 369 Pram
714 177 740 205 Person_sitting
472 163 559 240 Car
379 157 468 231 Car
1096 24 1161 84 Window
1161 13 1236 84 Window
1098 89 1157 177 Window
1163 83 1236 181 Window
154 90 235 146 Window
289 95 340 148 Window
503 79 518 99 Window
503 107 518 126 Window
527 110 539 126 Window
615 82 640 156 Lamppost
