427 107 443 208 Lamppost
686 28 725 253 Lamppost
641 92 663 213 Lamppost
1004 312 1033 371 Pole
818 247 835 332 Pole
746 221 759 280 Pole
684 199 700 240 Pole
669 193 679 224 Pole
96 259 123 355 Pole
258 231 272 290 Pole
336 215 349 261 Pole
386 207 396 242 Pole
422 204 429 230 Pole
443 195 451 219 Pole
460 192 468 212 Pole
476 190 482 206 Pole
856 139 913 266 Cyclist
527 168 559 221 Cyclist
592 159 608 174 Car
777 165 831 281 Pedestrian
956 145 994 240 Pedestrian
690 160 707 209 Pedestrian
714 156 727 199 Pedestrian
726 153 745 202 Pedestrian
1078 131 1100 173 Window
1100 129 1125 172 Window
1127 128 1149 169 Window
787 87 822 119 Window
650 2 674 21 Window
674 1 696 19 Window
