604 152 625 170 Priority_crossing_point
1001 159 1241 375 Car
1074 177 1186 244 Car
685 207 893 316 Car
772 174 888 222 Car
707 181 791 206 Car
440 191 454 211 Car
422 189 439 216 Car
386 192 422 221 Car
543 184 566 203 Car
470 188 490 204 Car
187 198 248 224 Car
46 220 253 348 Car
1 253 100 376 Car
555 190 596 222 Car
571 192 626 233 Car
777 174 789 188 Pedestrian
1044 8 1067 47 Window
1015 18 1033 55 Window
985 26 1005 61 Window
959 36 974 66 Window
937 42 951 71 Window
917 50 929 78 Window
896 53 910 80 Window
876 61 886 85 Window
764 94 787 115 Window
793 95 818 118 Window
794 48 815 69 Window
766 48 785 69 Window
797 140 818 158 Window
766 142 788 157 Window
736 144 758 159 Window
1078 3 1102 40 Window
900 124 934 193 Window
940 118 977 190 Window
990 111 1040 188 Window
1043 105 1109 186 Window
1137 88 1181 121 Window
1185 87 1240 117 Window
1134 134 1155 179 Door
