934 45 958 98 Window
1032 116 1080 182 Window
1094 121 1142 177 Window
1160 113 1211 175 Window
171 35 207 74 Window
171 89 210 133 Window
175 144 212 177 Window
128 35 168 79 Window
126 4 158 26 Window
64 3 102 29 Window
65 41 95 66 Window
32 38 56 78 Window
238 48 255 74 Window
736 175 894 250 Car
1068 181 1241 375 Car
683 179 740 225 Car
589 176 638 220 Car
403 181 460 221 Car
399 176 440 199 Car
491 177 515 195 Car
906 61 924 106 Window
877 70 897 112 Window
877 10 893 51 Window
903 0 919 37 Window
535 172 539 197 Guidance_beacon_left
