443 186 519 236 Car
508 184 542 223 Car
536 184 556 218 Car
549 184 571 212 Car
598 181 619 197 Car
695 176 727 209 Car
758 190 889 274 Car
844 208 1169 369 Car
1123 183 1243 238 Car
1005 36 1047 77 Window
1057 35 1100 78 Window
1107 37 1151 77 Window
1005 117 1042 157 Window
1058 115 1094 143 Window
1108 114 1149 143 Window
1210 113 1240 152 Window
1163 38 1202 77 Window
1211 36 1241 79 Window
471 138 481 155 Window
341 0 347 242 Lamppost
56 44 103 67 Lamppost
504 49 552 95 Lamppost
869 114 910 149 Priority_crossing_point
821 141 828 150 Forbidden_to_stand_still
