1051 144 1241 374 Car
883 179 1076 328 Car
782 175 929 286 Car
587 173 636 218 Car
691 170 804 225 Car
188 188 349 278 Car
472 175 515 205 Car
423 170 468 202 Car
550 160 583 188 Car
954 51 987 97 Window
954 124 992 172 Window
1004 124 1042 172 Window
1057 124 1095 171 Window
1113 126 1152 166 Window
223 49 254 81 Window
182 14 217 39 Window
125 13 158 43 Window
185 48 218 86 Window
225 99 258 130 Window
277 59 292 90 Window
276 99 296 134 Window
293 63 309 93 Window
13 130 90 195 Window
90 135 147 200 Window
146 148 194 194 Window
229 145 258 176 Window
77 48 99 81 Window
106 53 121 85 Window
139 65 153 89 Window
37 34 60 70 Window
299 104 308 134 Window
664 175 705 212 Car
404 172 427 197 Car
