825 212 1235 375 Car
557 184 613 228 Car
535 181 565 207 Car
304 173 458 237 Car
283 176 333 210 Car
448 178 507 214 Car
496 180 519 211 Car
650 151 717 226 Truck
464 183 478 199 Commandment_to_pass_sign_on_arrow_indication_D02-RO
324 57 374 103 Forbidden_to_stand_still
1092 46 1142 178 Window
953 79 978 176 Window
893 99 908 178 Window
816 116 827 176 Window
200 61 209 103 Window
230 71 240 107 Window
258 79 268 113 Window
254 143 264 176 Window
849 2 860 45 Window
895 4 910 22 Window
814 5 827 60 Window
850 106 870 226 Door
199 132 211 195 Door
82 153 109 204 Door
