561 173 578 196 One_way_road_right
344 117 375 147 End_zone_speed_A02-30
749 169 768 215 Pedestrian
965 169 973 190 Pedestrian
978 225 995 325 Pole
858 209 874 276 Pole
824 207 833 260 Pole
739 196 747 231 Pole
392 202 398 236 Pole
400 197 409 230 Pole
6 172 247 367 Van
764 123 795 154 Give_way_sign
416 146 437 169 One_way_street
17 53 71 168 Window
146 91 185 172 Window
273 122 288 148 Window
241 124 262 149 Window
242 153 260 175 Window
272 156 287 178 Window
298 158 320 176 Window
464 186 520 199 Fence
692 183 744 194 Fence
