582 177 642 217 Car
484 169 538 209 Car
535 168 556 197 Car
610 41 638 69 Window
637 37 670 69 Window
608 5 641 35 Window
639 5 672 33 Window
673 3 711 37 Window
711 6 741 33 Window
674 36 708 68 Window
611 72 640 98 Window
642 69 669 108 Window
610 102 639 138 Window
643 115 663 140 Window
575 109 606 137 Window
548 107 578 140 Window
547 142 579 176 Window
544 73 580 105 Window
578 72 610 107 Window
577 37 611 72 Window
612 35 640 70 Window
548 6 578 39 Window
574 3 608 37 Window
546 41 577 72 Window
517 39 548 71 Window
517 69 546 103 Window
517 106 547 137 Window
516 3 548 37 Window
484 40 513 74 Window
17 3 65 75 Window
422 7 454 36 Window
429 89 458 125 Window
314 114 340 166 Window
