0 192 316 372 Car
249 181 428 293 Car
398 185 482 259 Car
456 180 519 238 Car
98 171 205 212 Car
564 173 598 205 Car
707 174 786 220 Car
613 173 634 192 Car
399 119 418 147 Window
369 121 388 149 Window
346 120 366 149 Window
425 87 449 101 Window
384 88 406 104 Window
327 89 350 105 Window
314 88 326 103 Window
359 90 380 105 Window
488 121 500 150 Window
505 125 514 152 Window
762 127 776 150 Window
759 156 773 179 Window
421 7 437 212 Lamppost
569 98 577 187 Lamppost
635 120 642 186 Lamppost
1077 3 1143 128 Window
