1057 7 1114 74 Window
1039 90 1093 152 Window
1139 74 1214 144 Window
994 32 1038 89 Window
986 103 1024 147 Window
940 112 974 151 Window
947 47 980 94 Window
854 43 880 76 Window
832 46 851 81 Window
835 88 859 123 Window
866 81 887 126 Window
837 130 856 161 Window
52 71 118 123 Window
26 5 59 31 Window
61 157 105 208 Window
289 125 324 151 Window
289 167 330 194 Window
350 124 370 150 Window
353 164 371 187 Window
371 130 387 152 Window
374 168 389 186 Window
411 4 435 225 Pole
16 37 48 316 Pole
526 178 567 210 Car
424 182 510 211 Car
596 171 616 191 Car
1181 133 1242 169 Car
537 110 550 177 Lamppost
