856 139 1237 370 Car
784 157 873 236 Car
769 134 828 207 Car
276 20 341 181 Window
348 49 389 182 Window
481 4 528 64 Window
553 38 578 86 Window
586 44 611 101 Window
483 113 508 170 Window
509 114 533 162 Window
574 127 597 172 Window
593 122 612 171 Window
617 80 627 116 Window
625 82 640 114 Window
646 87 661 112 Window
658 92 671 115 Window
679 93 697 117 Window
650 134 661 164 Window
664 136 676 168 Window
679 137 693 165 Window
999 21 1087 114 Window
1108 14 1197 116 Window
3 4 244 373 Door
425 169 485 260 Fence
