287 180 438 267 Car
459 176 509 221 Car
634 172 670 203 Car
623 165 639 185 Car
699 170 872 307 Car
512 170 529 225 Cyclist
533 172 548 225 Cyclist
269 2 287 263 Lamppost
1 12 47 134 Window
33 225 83 262 Window
383 1 402 23 Window
401 5 421 38 Window
424 15 437 49 Window
435 21 448 56 Window
447 33 462 65 Window
381 45 406 97 Window
406 56 424 107 Window
426 69 438 110 Window
449 82 459 122 Window
459 89 470 125 Window
472 97 482 130 Window
457 47 471 76 Window
467 56 483 87 Window
382 118 412 171 Window
410 127 428 173 Window
427 128 440 172 Window
451 137 463 171 Window
462 137 471 169 Window
468 141 484 169 Window
505 102 516 132 Window
514 104 522 128 Window
519 108 531 132 Window
527 110 539 130 Window
507 139 517 170 Window
516 144 525 166 Window
524 143 531 167 Window
533 144 538 166 Window
506 65 529 90 Window
548 93 564 110 Window
549 123 565 142 Window
551 147 565 170 Window
577 120 590 140 Window
573 148 590 168 Window
575 92 587 111 Window
593 95 605 115 Window
928 55 1012 151 Window
1101 7 1237 138 Window
840 18 859 48 Window
850 68 857 96 Window
789 54 802 76 Window
791 90 803 118 Window
592 121 602 147 Window
593 150 604 169 Window
612 102 638 118 Window
609 124 616 144 Window
607 150 620 176 Window
619 126 631 145 Window
552 175 563 185 Window
