586 181 643 228 Car
1188 175 1239 206 Car
57 192 312 315 Car
441 185 495 229 Car
234 129 452 280 Van
463 164 527 231 Van
646 164 684 203 Van
993 177 1008 201 Pedestrian
835 20 871 55 Window
764 22 803 58 Window
761 76 801 118 Window
832 77 873 116 Window
764 144 797 183 Window
838 144 867 181 Window
192 36 216 93 Window
269 5 296 43 Window
328 42 340 76 Window
348 54 363 83 Window
323 87 342 120 Window
349 101 363 123 Window
397 78 408 104 Window
410 85 418 106 Window
422 91 428 109 Window
912 21 932 64 Window
911 78 928 112 Window
937 34 948 72 Window
933 84 950 118 Window
543 141 555 159 Forbidden_to_stand_still
575 158 586 169 Forbidden_to_stand_still
1062 257 1096 373 Pole
888 225 918 326 Pole
809 207 829 280 Pole
762 201 784 266 Pole
735 200 749 250 Pole
715 195 730 240 Pole
