584 170 644 275 Cyclist
649 159 705 262 Cyclist
437 166 466 220 Cyclist
752 153 790 298 Pedestrian
794 152 838 298 Pedestrian
877 147 908 295 Pedestrian
908 151 950 340 Pedestrian
192 156 213 211 Pedestrian
220 150 246 216 Pedestrian
38 143 78 250 Pedestrian
70 127 103 166 Window
133 130 153 169 Window
176 137 193 166 Window
6 123 36 168 Window
1081 85 1110 123 Window
1144 84 1173 125 Window
1139 140 1165 188 Window
1084 140 1107 188 Window
1020 141 1048 189 Window
957 149 984 203 Window
985 187 1071 233 Car
1066 188 1146 234 Car
1146 192 1219 234 Car
180 225 194 280 Pole
20 246 48 317 Pole
381 197 388 228 Pole
421 190 426 215 Pole
