387 161 463 219 Car
4 167 416 371 Car
899 145 973 290 Pedestrian
1164 144 1222 282 Pedestrian
474 166 532 304 Pedestrian
522 171 560 278 Pedestrian
572 164 594 225 Pedestrian
597 163 615 222 Pedestrian
687 173 711 227 Person_sitting
715 175 742 222 Person_sitting
149 90 253 146 Window
294 95 346 148 Window
350 108 382 154 Window
119 7 246 35 Window
1101 23 1237 194 Window
345 5 375 65 Window
505 75 519 99 Window
526 75 542 103 Window
504 102 521 127 Window
525 104 540 129 Window
553 68 568 89 Window
556 97 569 117 Window
622 84 638 177 Lamppost
