375 244 405 317 Pole
450 219 471 281 Pole
481 207 501 269 Pole
505 202 523 254 Pole
523 197 538 238 Pole
542 193 553 228 Pole
561 186 569 210 Pole
200 6 259 370 Lamppost
601 168 622 214 Pedestrian
619 165 637 215 Pedestrian
646 164 686 196 Car
757 131 775 172 Window
767 129 785 174 Window
781 119 795 175 Window
762 173 773 208 Window
771 171 785 214 Window
786 174 797 218 Window
894 87 1041 176 Window
902 174 1036 270 Window
1071 50 1164 305 Window
757 32 793 90 Window
794 6 843 72 Window
698 44 738 106 Window
700 136 735 205 Window
