1105 126 1218 344 Pedestrian
753 175 848 249 Car
329 195 484 275 Car
660 165 693 195 Car
691 169 721 192 Car
874 113 888 134 Forbidden_to_stand_still
182 150 229 277 Door
968 18 996 54 Window
1007 18 1046 46 Window
397 91 429 164 Window
431 93 457 166 Window
460 99 482 164 Window
482 109 500 168 Window
478 30 499 85 Window
452 23 479 80 Window
426 11 450 78 Window
395 6 422 59 Window
349 21 377 79 Window
296 3 345 63 Window
304 110 357 171 Window
246 95 287 153 Window
8 44 135 165 Window
541 83 568 124 Window
539 38 563 67 Window
583 35 607 68 Window
585 81 607 118 Window
589 131 610 169 Window
541 134 566 171 Window
510 84 532 123 Window
