443 155 480 251 Pedestrian
347 170 387 253 Pedestrian
328 160 351 205 Pedestrian
293 152 318 202 Pedestrian
219 151 237 202 Pedestrian
176 162 201 201 Person_sitting
195 158 214 200 Person_sitting
203 159 222 200 Person_sitting
580 157 611 242 Cyclist
960 183 1065 236 Car
1053 185 1160 234 Car
1146 182 1201 241 Car
542 169 557 180 Car
774 288 803 370 Pole
180 220 196 282 Pole
22 244 49 323 Pole
359 80 374 179 Lamppost
1141 141 1165 191 Window
1143 80 1174 132 Window
1081 76 1115 126 Window
1077 135 1111 192 Window
1015 137 1053 188 Window
1194 83 1224 133 Window
1200 144 1220 186 Window
953 146 986 196 Window
