108 197 539 369 Continious_lane
550 165 577 188 Car
615 162 625 172 Car
619 166 632 186 Pedestrian
509 166 520 182 Pedestrian
476 168 491 190 Pedestrian
422 171 448 197 Cyclist
573 164 597 183 Cyclist
88 5 120 232 Lamppost
524 36 544 176 Lamppost
658 141 666 154 Traffic_lights
533 146 539 163 Traffic_lights
12 213 32 253 Pole
90 210 103 245 Pole
144 207 158 236 Pole
189 202 208 231 Pole
1115 5 1136 36 Window
1136 6 1154 34 Window
1150 4 1171 33 Window
1101 9 1118 42 Window
1180 83 1195 181 Lamppost
