733 187 856 274 Car
655 190 740 253 Car
593 181 645 229 Car
566 181 604 222 Car
550 181 581 216 Car
488 172 526 210 Car
327 180 411 239 Car
367 158 442 198 Car
530 175 551 202 Car
638 180 677 275 Cyclist
300 214 309 282 Pole
346 209 355 269 Pole
360 207 368 261 Pole
368 207 375 253 Pole
218 219 228 295 Pole
95 223 110 307 Pole
1037 42 1100 176 Window
1170 26 1239 182 Window
844 84 890 211 Window
766 102 784 177 Window
734 111 750 175 Window
699 120 710 172 Window
737 7 749 73 Window
768 2 783 62 Window
812 4 829 49 Window
694 31 714 92 Window
667 50 681 101 Window
642 62 653 108 Window
619 76 629 113 Window
619 14 629 54 Window
644 5 651 44 Window
281 122 293 198 Window
255 107 270 203 Window
216 123 225 208 Window
961 76 988 126 Window
920 85 955 129 Window
956 132 994 258 Door
920 138 954 258 Door
4 118 46 253 Door
53 121 106 246 Door
