110 144 159 196 Window
45 140 104 197 Window
2 135 31 195 Window
31 44 44 69 Window
59 51 73 78 Window
100 63 113 84 Window
169 9 184 32 Window
113 12 123 33 Window
170 54 188 77 Window
208 51 228 77 Window
213 102 231 130 Window
989 127 1021 173 Window
1041 126 1071 170 Window
1104 127 1137 169 Window
1047 183 1239 373 Car
850 172 1092 308 Car
3 209 168 350 Car
453 182 495 209 Car
412 177 456 205 Car
585 175 637 219 Car
705 175 837 231 Car
672 174 726 217 Car
545 169 571 187 Car
498 174 526 193 Car
