815 178 1238 376 Car
720 172 862 275 Car
681 177 745 234 Car
255 170 424 305 Car
395 171 473 259 Car
464 180 514 238 Car
517 179 549 203 Car
586 176 610 197 Car
641 145 697 209 Car
154 40 223 186 Window
252 73 305 181 Window
316 87 352 179 Window
362 99 396 181 Window
429 125 453 172 Window
931 7 993 135 Window
886 33 926 134 Window
810 86 848 158 Window
280 0 332 45 Window
332 2 370 66 Window
796 4 824 54 Window
757 18 787 69 Window
734 120 749 164 Window
704 78 717 109 Window
471 67 502 91 Window
420 34 444 105 Window
443 56 456 110 Window
