1112 4 1218 101 Give_way_sign
135 184 298 241 Van
291 184 336 216 Car
1 210 57 248 Car
75 196 123 226 Car
852 173 961 210 Car
985 163 1127 201 Car
712 107 1097 183 Truck
310 15 362 44 Window
258 15 307 42 Window
204 18 254 45 Window
151 19 208 49 Window
93 20 148 49 Window
34 21 102 53 Window
41 87 100 117 Window
102 82 154 117 Window
155 83 208 115 Window
207 78 263 112 Window
266 81 316 107 Window
313 77 366 106 Window
370 80 402 112 Window
369 22 400 58 Window
426 99 438 120 Window
445 100 454 118 Window
