1034 99 1094 151 Window
968 45 1016 93 Window
1063 23 1114 76 Window
1160 19 1229 76 Window
1139 90 1188 141 Window
930 54 959 94 Window
924 109 949 157 Window
963 105 997 156 Window
884 121 921 165 Window
898 69 924 111 Window
963 3 998 34 Window
920 22 954 50 Window
154 89 192 137 Window
47 84 78 124 Window
121 30 149 59 Window
2 9 49 67 Window
153 160 184 201 Window
37 155 77 196 Window
368 132 386 151 Window
365 168 389 189 Window
538 182 568 211 Car
447 182 516 210 Car
584 177 612 199 Car
1077 150 1234 194 Car
1040 146 1156 176 Car
