300 168 438 272 Car
392 164 474 236 Car
462 165 498 213 Car
485 164 512 198 Car
715 28 745 94 Window
741 28 771 100 Window
769 27 789 97 Window
791 30 822 96 Window
823 27 859 100 Window
877 31 907 95 Window
908 26 934 92 Window
931 25 956 88 Window
960 30 990 90 Window
987 27 1022 91 Window
472 8 491 49 Window
491 6 506 47 Window
514 0 530 47 Window
532 1 552 47 Window
554 4 571 46 Window
571 3 589 49 Window
592 5 610 45 Window
610 6 629 41 Window
634 7 652 43 Window
651 7 670 42 Window
449 8 473 48 Window
430 10 450 43 Window
449 46 472 90 Window
474 49 489 85 Window
490 48 513 89 Window
513 49 531 90 Window
533 45 550 89 Window
552 48 571 88 Window
572 45 593 88 Window
591 47 612 90 Window
617 48 630 92 Window
632 50 654 86 Window
635 92 654 130 Window
614 92 630 133 Window
594 94 613 134 Window
573 95 591 132 Window
553 92 571 138 Window
534 91 550 141 Window
513 95 535 142 Window
493 92 512 148 Window
472 93 493 141 Window
450 91 472 137 Window
219 37 258 100 Window
303 39 345 95 Window
42 57 118 211 Window
216 119 258 183 Window
303 124 349 179 Window
156 38 168 98 Window
714 115 740 177 Window
741 114 770 177 Window
769 115 792 178 Window
792 116 819 173 Window
