192 102 286 184 Window
179 5 286 41 Window
376 5 399 61 Window
406 13 423 73 Window
426 16 438 60 Window
449 49 465 96 Window
371 112 397 189 Window
399 123 419 182 Window
424 81 443 138 Window
423 166 439 214 Window
824 205 860 332 Pedestrian
817 196 1065 349 Car
1077 295 1239 370 Car
15 206 398 378 Car
459 182 546 255 Car
557 188 593 214 Car
743 201 814 260 Car
717 201 752 239 Car
691 193 711 222 Car
235 177 322 216 Fence
647 126 660 142 Pedestrian_crossing
672 160 687 177 Pedestrian_crossing
582 163 597 178 Pedestrian_crossing
607 133 618 148 Pedestrian_crossing
