546 167 576 194 Car
458 162 517 219 Car
507 164 529 206 Car
452 171 481 268 Pedestrian
473 174 495 240 Pedestrian
440 174 455 238 Pedestrian
122 174 193 335 Pedestrian
783 173 847 346 Pedestrian
863 169 944 347 Pedestrian
909 163 958 272 Pedestrian
992 154 1035 258 Pedestrian
1119 150 1181 278 Pedestrian
30 181 102 349 Pedestrian
690 168 721 241 Pedestrian
718 176 738 224 Person_sitting
1113 60 1159 177 Window
980 74 1018 184 Window
1026 70 1112 176 Window
282 5 321 58 Window
319 7 339 62 Window
255 3 279 56 Window
158 1 216 58 Window
415 22 432 74 Window
531 89 545 106 Window
534 115 546 133 Window
552 114 565 132 Window
388 115 405 155 Window
416 125 433 155 Window
435 129 449 155 Window
759 111 783 210 Window
