586 176 668 245 Car
459 176 474 199 Pedestrian
462 66 475 174 Lamppost
699 142 751 183 Tram
990 11 1012 29 Window
1013 6 1038 30 Window
1027 7 1053 29 Window
1050 5 1075 29 Window
1072 3 1094 29 Window
1092 2 1109 28 Window
1109 2 1128 23 Window
1128 2 1148 19 Window
1147 1 1168 21 Window
1165 0 1190 20 Window
1187 1 1210 20 Window
1208 2 1231 16 Window
992 27 1015 60 Window
1014 26 1039 59 Window
1033 25 1057 59 Window
1053 27 1075 60 Window
1070 26 1094 58 Window
1093 26 1112 58 Window
1108 18 1134 56 Window
1132 16 1151 54 Window
1151 24 1170 54 Window
1166 20 1189 52 Window
1189 21 1211 52 Window
1209 17 1231 48 Window
882 75 898 94 Window
993 56 1015 80 Window
1015 54 1040 83 Window
1037 55 1055 78 Window
1052 60 1080 77 Window
1071 56 1095 78 Window
1092 58 1113 77 Window
1109 57 1131 75 Window
1129 54 1153 74 Window
1148 50 1178 73 Window
1169 52 1197 69 Window
1196 48 1213 70 Window
1210 47 1232 67 Window
996 79 1017 111 Window
1016 83 1037 113 Window
1037 79 1058 110 Window
1056 80 1079 115 Window
866 86 881 100 Window
857 91 867 104 Window
868 110 884 129 Window
883 109 901 128 Window
969 10 997 121 Window
683 240 907 376 Continious_lane
374 243 557 373 Continious_lane
