703 160 738 199 Cyclist
761 156 806 198 Cyclist
605 165 632 195 Cyclist
332 174 364 221 Cyclist
433 165 451 206 Pedestrian
307 177 325 216 Pedestrian
475 173 535 221 Car
895 160 966 185 Car
1150 170 1161 215 Pole
1088 168 1100 209 Pole
1000 167 1012 204 Pole
969 174 977 201 Pole
973 151 1059 182 Car
942 168 951 198 Pole
918 170 926 196 Pole
896 170 906 194 Pole
880 167 887 193 Pole
372 184 394 207 Commandment_to_pass_sign_on_arrow_indication_D02-RO
712 127 720 152 Traffic_lights
567 64 575 84 Traffic_lights
453 137 465 164 Traffic_lights
717 110 729 123 Priority_road
