606 38 632 78 Window
636 37 664 71 Window
663 35 695 68 Window
712 34 760 79 Window
827 84 841 101 Window
849 81 858 103 Window
809 85 821 106 Window
580 45 603 72 Window
544 50 575 76 Window
521 51 546 79 Window
498 56 522 84 Window
472 57 496 87 Window
444 58 472 94 Window
419 60 444 96 Window
398 61 422 98 Window
378 68 402 99 Window
342 72 363 104 Window
321 71 345 108 Window
300 74 329 108 Window
76 56 105 80 Window
111 55 137 81 Window
148 108 172 133 Window
109 102 141 133 Window
73 99 102 128 Window
111 152 137 169 Window
146 154 170 167 Window
75 151 103 179 Window
211 27 238 60 Window
240 24 267 49 Window
269 14 305 49 Window
308 12 340 39 Window
341 3 383 33 Window
252 83 292 111 Window
697 135 884 239 Fence
542 184 614 233 Car
611 177 729 223 Car
469 181 529 230 Car
63 207 203 269 Car
123 179 226 219 Car
43 196 125 214 Car
235 173 466 284 Van
