159 191 421 352 Car
3 177 240 341 Car
403 192 498 260 Car
640 174 696 218 Car
777 162 932 217 Car
725 163 809 203 Car
487 183 513 207 Car
586 173 605 189 Car
972 150 993 178 Car
997 148 1021 181 Car
1029 140 1097 176 Car
939 154 972 175 Car
909 152 939 181 Car
1018 1 1048 283 Lamppost
1068 34 1129 69 Window
1118 12 1189 52 Window
994 52 1020 88 Window
1028 48 1075 80 Window
962 61 1000 97 Window
937 67 965 104 Window
920 77 942 110 Window
900 82 919 114 Window
885 89 903 116 Window
872 93 885 116 Window
