219 23 244 78 Window
256 40 283 90 Window
309 60 328 101 Window
867 44 881 83 Window
886 37 901 80 Window
907 27 927 73 Window
938 14 954 62 Window
968 3 993 52 Window
889 113 903 155 Window
870 119 881 154 Window
912 110 924 149 Window
942 108 956 142 Window
979 102 993 137 Window
2 113 37 176 Window
4 1 30 50 Window
752 189 1036 349 Car
676 178 745 237 Car
656 176 698 220 Car
440 183 511 240 Car
466 165 528 224 Car
158 230 398 373 Car
1 230 229 376 Car
598 166 623 194 Car
645 155 667 181 Car
495 96 511 111 Window
562 126 582 137 Window
566 156 583 169 Window
462 129 487 139 Window
560 169 582 187 Car
