997 168 1033 251 Pedestrian
1025 175 1055 240 Pedestrian
1094 172 1123 219 Pedestrian
333 173 439 246 Car
431 184 464 208 Car
479 189 497 201 Car
497 184 516 200 Car
562 179 643 258 Car
613 175 666 203 Car
764 230 775 290 Pole
778 213 795 250 Pole
810 210 829 250 Pole
856 212 871 244 Pole
728 220 738 261 Pole
746 228 755 273 Pole
745 217 764 252 Pole
737 202 751 226 Pole
778 199 792 225 Pole
704 201 719 226 Pole
675 203 690 226 Pole
660 202 672 227 Pole
917 80 953 370 Pole
231 80 274 351 Pole
511 195 528 211 Commandment_to_pass_sign_on_arrow_indication_D02-RO
878 4 970 71 Pedestrian_crossing
192 4 290 81 Pedestrian_crossing
126 77 163 108 Pedestrian_crossing
225 145 244 172 Pedestrian_crossing
505 150 531 173 Pedestrian_crossing
668 149 688 169 Pedestrian_crossing
967 76 1023 116 Window
1032 64 1088 109 Window
1094 66 1155 110 Window
1000 5 1024 51 Window
1023 3 1047 52 Window
1047 2 1064 51 Window
1066 3 1093 50 Window
1094 3 1117 49 Window
1196 10 1236 53 Window
1194 72 1234 124 Window
972 132 1021 178 Window
870 148 896 206 Window
900 138 927 197 Window
847 152 866 202 Window
843 106 867 133 Window
870 98 893 129 Window
897 85 925 123 Window
839 8 851 43 Window
851 1 863 40 Window
865 1 878 32 Window
425 116 441 138 Window
379 143 391 162 Window
