171 54 203 90 Window
205 53 236 90 Window
234 58 273 91 Window
274 51 303 98 Window
302 62 329 104 Window
136 53 172 93 Window
99 53 137 92 Window
62 47 103 93 Window
23 54 65 93 Window
2 52 26 97 Window
406 93 421 116 Window
387 93 401 121 Window
371 95 384 113 Window
519 50 884 101 Window
1082 19 1107 46 Window
1108 17 1126 49 Window
1128 19 1145 47 Window
1084 0 1107 17 Window
1110 1 1126 16 Window
1126 7 1144 19 Window
711 134 974 210 Fence
993 127 1115 194 Fence
946 168 1143 247 Car
1156 154 1241 240 Car
6 188 86 282 Car
108 183 193 240 Car
205 155 269 200 Window
204 134 272 156 Window
140 137 207 158 Window
140 161 203 207 Window
63 159 140 210 Window
66 140 135 159 Window
2 142 63 165 Window
1 161 62 196 Window
