509 91 520 235 Lamppost
504 130 522 150 Forbidden_to_stand_still
4 177 364 371 Car
372 186 453 235 Car
2 171 97 228 Car
1063 23 1115 126 Window
1161 11 1205 103 Window
933 75 990 139 Window
686 33 728 101 Window
728 29 766 101 Window
611 34 647 107 Window
645 31 683 107 Window
528 40 569 110 Window
568 38 606 111 Window
458 41 493 109 Window
493 44 527 110 Window
769 29 804 103 Window
806 28 846 104 Window
535 122 572 193 Window
574 120 607 193 Window
392 126 423 169 Window
426 126 451 165 Window
320 132 352 183 Window
354 132 384 180 Window
315 50 349 122 Window
348 49 383 122 Window
385 43 422 122 Window
421 46 455 109 Window
283 51 312 130 Window
244 51 284 129 Window
214 54 247 122 Window
180 56 215 127 Window
179 1 207 49 Window
209 1 240 44 Window
247 1 278 44 Window
278 0 311 43 Window
311 2 346 40 Window
348 2 381 35 Window
385 5 416 34 Window
420 6 453 29 Window
457 1 490 33 Window
492 2 524 30 Window
