753 22 794 63 Window
821 19 866 62 Window
755 77 794 117 Window
823 80 861 116 Window
828 143 853 180 Window
763 140 785 177 Window
899 29 916 65 Window
899 82 915 121 Window
904 135 913 165 Window
219 42 243 99 Window
252 3 282 46 Window
291 8 308 57 Window
317 24 328 64 Window
316 76 331 117 Window
260 133 287 171 Window
1181 274 1211 380 Pole
926 227 950 349 Pole
829 210 848 298 Pole
778 200 791 271 Pole
747 193 755 255 Pole
722 195 732 242 Pole
709 190 717 234 Pole
171 189 361 297 Car
586 184 641 226 Car
459 180 503 223 Car
972 174 985 212 Pedestrian
282 126 469 267 Van
490 171 536 223 Van
12 188 140 291 Car
