704 178 830 261 Car
200 201 447 350 Car
400 178 500 257 Car
505 173 555 220 Car
549 170 571 199 Car
570 169 584 184 Car
632 167 656 186 Car
659 165 697 219 Car
2 224 113 355 Fence
872 152 941 260 Fence
940 142 1084 298 Fence
813 93 854 166 Window
778 107 807 165 Window
752 121 772 163 Window
730 125 748 169 Window
731 37 748 81 Window
753 21 769 69 Window
369 32 403 90 Window
409 47 430 101 Window
374 114 404 170 Window
405 126 433 168 Window
445 71 459 110 Window
463 81 475 119 Window
443 134 459 164 Window
466 134 479 171 Window
