1085 165 1121 294 Pedestrian
797 162 836 278 Pedestrian
175 167 210 272 Pedestrian
257 166 284 263 Pedestrian
1104 154 1179 359 Cyclist
468 168 488 220 Cyclist
486 166 504 214 Cyclist
590 169 622 214 Cyclist
530 150 590 206 Van
357 177 390 217 Person_sitting
132 195 168 245 Person_sitting
840 188 896 259 Person_sitting
494 100 515 132 Window
474 104 489 132 Window
446 104 462 132 Window
445 60 474 87 Window
583 96 600 126 Window
947 14 966 68 Window
974 4 991 58 Window
1004 4 1026 48 Window
1049 131 1070 181 Window
1192 127 1238 188 Window
