507 116 527 141 Forbidden_to_stand_still
698 176 721 221 Pedestrian
835 198 1113 345 Car
1064 255 1241 373 Car
37 190 363 364 Car
4 183 164 296 Car
342 180 453 251 Car
438 180 490 238 Car
477 178 534 217 Car
515 179 547 201 Car
507 162 570 208 Car
588 178 647 230 Car
755 169 900 269 Car
704 49 728 72 Window
743 49 770 72 Window
718 20 760 37 Window
741 79 770 108 Window
703 76 728 103 Window
699 116 726 139 Window
744 119 771 143 Window
163 42 182 87 Window
94 19 120 73 Window
45 3 60 58 Window
25 112 47 171 Window
137 132 149 172 Window
172 135 182 172 Window
18 2 38 57 Window
216 47 232 94 Window
219 2 230 17 Window
254 61 266 98 Window
286 70 297 108 Window
313 84 319 114 Window
287 131 294 168 Window
259 131 266 168 Window
312 137 318 169 Window
