712 180 803 244 Car
646 176 685 209 Car
691 179 713 217 Car
112 180 324 307 Car
287 175 432 261 Car
206 90 254 174 Window
260 101 300 170 Window
304 97 338 173 Window
302 10 337 80 Window
355 30 378 94 Window
418 46 436 109 Window
435 55 453 114 Window
452 58 475 118 Window
359 115 379 169 Window
380 121 405 169 Window
416 121 435 174 Window
441 128 457 171 Window
457 132 477 168 Window
252 5 298 75 Window
4 4 66 60 Window
922 126 955 201 Window
1147 75 1241 218 Window
919 91 961 128 Window
545 192 557 213 Pole
562 190 574 211 Pole
576 188 587 207 Pole
587 187 598 207 Pole
600 189 606 205 Pole
609 187 616 203 Pole
621 189 629 203 Pole
630 186 641 205 Pole
