859 0 897 91 Traffic_lights
953 23 1007 73 Priority_road
520 175 590 215 Car
581 169 608 193 Car
609 169 625 186 Car
290 180 435 228 Car
108 242 124 280 Guidance_beacon_right
211 220 231 250 Guidance_beacon_right
673 176 684 207 Guidance_beacon_left
648 172 661 199 Guidance_beacon_left
641 173 647 197 Guidance_beacon_left
677 149 682 168 Traffic_lights
610 151 617 165 Traffic_lights
382 61 392 75 Window
398 59 408 73 Window
413 59 423 72 Window
413 75 425 89 Window
398 75 408 86 Window
381 77 392 91 Window
382 91 392 104 Window
399 89 407 102 Window
412 91 424 103 Window
382 107 392 121 Window
397 104 409 120 Window
411 104 432 118 Window
383 122 393 136 Window
400 119 409 134 Window
413 119 426 133 Window
385 137 396 152 Window
400 138 412 149 Window
416 137 426 149 Window
299 98 310 108 Window
314 95 322 109 Window
299 109 308 124 Window
312 110 323 125 Window
300 126 311 144 Window
315 125 324 143 Window
