505 172 548 213 Car
536 173 556 200 Car
546 170 569 199 Car
558 174 571 195 Car
575 165 603 192 Car
715 170 844 208 Car
622 168 644 194 Car
663 168 689 191 Car
989 144 1079 180 Car
974 152 1012 177 Car
1119 138 1212 179 Car
1202 138 1243 182 Car
941 153 971 175 Car
921 45 954 275 Pole
172 23 225 82 Window
399 62 435 95 Window
407 106 439 132 Window
724 110 748 132 Window
772 109 801 122 Window
771 145 795 158 Window
725 144 746 162 Window
744 143 760 168 Window
3 145 176 324 Fence
304 128 325 164 Window
325 131 349 168 Window
349 134 365 167 Window
367 133 385 164 Window
368 170 385 200 Window
348 171 368 206 Window
1088 133 1104 158 Window
877 153 909 172 Van
857 140 888 161 Truck
343 212 364 262 Pole
431 201 444 233 Pole
