436 93 463 121 Priority_road
572 96 589 142 Traffic_lights
408 92 423 137 Traffic_lights
1003 159 1053 182 Car
1055 164 1096 184 Car
1089 163 1118 184 Car
1121 164 1155 183 Car
1153 167 1186 184 Car
1188 152 1240 180 Car
791 163 837 183 Car
753 163 791 187 Car
716 156 757 187 Car
481 169 556 202 Car
94 170 146 199 Car
888 171 934 185 Arch_right
19 145 44 165 Forbidden_to_turn
269 168 282 184 Commandment_to_pass_sign_on_arrow_indication_D02-RO
448 164 466 196 Pedestrian
393 157 408 197 Pedestrian
409 160 418 195 Pedestrian
775 159 792 191 Pedestrian
133 170 175 196 Car
