619 170 634 201 Pedestrian
691 167 707 213 Pedestrian
703 169 713 212 Pedestrian
858 162 1241 375 Car
744 158 951 319 Car
718 180 773 260 Car
372 187 464 249 Car
520 174 556 208 Car
194 187 379 303 Car
3 215 237 373 Car
698 153 710 165 Give_way_sign
994 77 1046 179 Window
912 60 946 190 Window
862 84 882 160 Window
185 81 220 181 Window
97 61 140 177 Window
366 29 376 83 Window
389 42 399 88 Window
408 54 414 97 Window
416 59 422 98 Window
429 66 437 103 Window
368 120 379 179 Window
391 127 399 178 Window
298 8 316 58 Window
333 12 345 70 Window
255 4 267 42 Window
439 6 445 37 Window
441 74 448 108 Window
443 139 453 180 Window
453 69 463 108 Window
467 80 476 115 Window
481 89 488 117 Window
455 10 460 44 Window
466 22 472 60 Window
477 30 482 64 Window
