781 159 1018 295 Car
747 174 823 247 Car
716 167 782 231 Car
707 171 737 207 Car
3 176 298 373 Car
506 170 553 216 Car
546 175 572 205 Car
582 172 608 191 Car
633 168 673 186 Car
514 76 530 183 Lamppost
581 108 595 178 Lamppost
119 2 150 206 Lamppost
269 94 299 139 Window
302 98 320 118 Window
227 98 249 133 Window
192 98 219 138 Window
193 151 217 165 Window
226 148 252 166 Window
406 102 426 137 Window
431 105 446 142 Window
404 58 420 88 Window
422 62 435 94 Window
310 48 341 75 Window
250 54 278 73 Window
212 57 252 75 Window
796 92 857 145 Window
859 63 963 126 Window
953 38 1044 112 Window
757 116 784 140 Window
788 111 796 134 Window
758 154 782 170 Window
