838 136 888 370 Pedestrian
911 137 997 350 Pedestrian
888 139 946 334 Pedestrian
801 137 878 346 Pedestrian
609 138 640 241 Pedestrian
561 141 606 241 Pedestrian
527 144 562 224 Pedestrian
488 136 512 217 Pedestrian
462 148 480 211 Pedestrian
433 139 464 214 Pedestrian
520 147 539 220 Pedestrian
682 147 714 205 Pedestrian
472 143 489 211 Pedestrian
486 138 500 166 Pedestrian
358 155 377 174 Pedestrian
325 159 339 179 Pedestrian
274 141 319 219 Pedestrian
2 85 267 367 Truck
1201 20 1222 72 Window
898 106 949 137 Window
896 67 936 98 Window
1170 91 1192 123 Window
1146 90 1167 126 Window
1115 91 1145 128 Window
1081 92 1121 134 Window
573 34 608 100 Window
523 27 561 101 Window
469 27 512 100 Window
409 31 443 96 Window
476 114 505 154 Window
526 117 554 148 Window
579 118 607 145 Window
392 123 450 178 Window
342 116 397 181 Window
408 151 424 196 Pedestrian
422 151 438 201 Pedestrian
