579 180 653 221 Car
170 183 386 294 Car
329 172 464 258 Car
446 176 506 231 Car
1106 41 1218 219 Window
892 84 917 168 Window
920 81 944 193 Window
239 67 261 109 Window
274 73 295 115 Window
238 129 262 167 Window
271 131 294 160 Window
198 125 229 168 Window
198 53 226 103 Window
149 43 183 96 Window
149 112 183 171 Window
39 49 80 118 Window
687 132 842 263 Van
849 111 878 220 Door
503 174 530 206 Car
523 171 553 201 Car
188 0 282 55 Forbidden_to_stand_still
554 145 568 160 Forbidden_to_stand_still
