597 187 679 254 Car
670 170 717 227 Car
312 182 385 233 Car
415 181 458 214 Car
1142 89 1175 132 One_way_road
368 123 393 151 One_way_road
797 172 852 236 Cyclist
950 131 969 159 Traffic_lights
501 141 519 170 Traffic_lights
974 120 993 154 Traffic_lights
106 148 127 179 Traffic_lights
504 174 527 236 Pedestrian
459 191 487 223 Commandment_to_pass_sign_on_arrow_indication_D02-RO
25 17 63 82 Window
68 17 112 84 Window
112 27 148 84 Window
150 32 178 92 Window
193 49 218 101 Window
232 61 252 108 Window
274 74 292 112 Window
268 7 291 45 Window
234 2 256 38 Window
192 1 217 29 Window
132 133 180 199 Window
211 138 248 194 Window
819 54 835 98 Window
873 126 915 201 Door
981 27 1011 91 Window
1018 37 1059 90 Window
1093 41 1131 94 Window
1035 128 1060 176 Window
1095 127 1138 176 Window
5 158 32 206 Window
260 151 276 186 Window
