928 37 1003 184 Window
779 3 798 67 Window
779 105 795 180 Window
811 106 834 197 Window
811 2 839 52 Window
222 82 244 117 Window
220 134 238 178 Window
246 135 264 181 Window
249 75 266 118 Window
266 76 284 124 Window
246 10 266 60 Window
268 27 283 65 Window
351 145 363 174 Window
336 144 348 171 Window
52 155 75 210 Window
30 152 56 219 Door
78 158 99 208 Door
778 163 1072 372 Car
649 179 707 224 Car
560 180 628 229 Car
523 177 565 214 Car
346 193 497 296 Car
47 185 441 374 Car
103 183 201 227 Car
206 186 348 213 Car
444 175 493 208 Car
451 170 523 201 Car
