1021 182 1239 238 Car
1165 197 1241 240 Car
734 193 828 255 Car
778 202 956 310 Car
694 181 724 206 Car
472 191 527 235 Car
518 185 551 224 Car
545 189 564 219 Car
558 188 576 213 Car
603 184 626 201 Car
638 182 653 195 Car
222 192 332 226 Car
823 126 858 156 Priority_crossing_point
976 125 1008 159 Window
1020 125 1055 148 Window
1070 125 1102 144 Window
1116 122 1151 180 Window
1163 125 1190 156 Window
1163 52 1186 89 Window
1116 54 1148 88 Window
1068 56 1102 86 Window
1022 55 1054 89 Window
977 58 1007 87 Window
1021 2 1053 23 Window
973 2 1007 18 Window
1068 4 1099 19 Window
1116 2 1145 22 Window
1160 1 1187 22 Window
480 144 494 162 Window
460 146 470 164 Window
