2 80 468 372 Van
444 153 561 264 Truck
701 171 1010 289 Car
654 179 708 223 Car
643 180 669 216 Car
1035 152 1079 245 Pedestrian
598 171 609 193 Pedestrian
591 171 604 194 Pedestrian
567 173 586 196 Pedestrian
546 175 569 194 Car
1086 95 1142 236 Window
1142 89 1169 234 Window
1173 85 1202 237 Window
812 103 866 134 Window
814 134 868 162 Window
991 99 1039 131 Window
991 129 1039 156 Window
360 35 378 89 Window
372 43 385 88 Window
320 3 332 77 Window
335 10 344 84 Window
398 52 405 104 Window
407 56 412 107 Window
426 70 434 111 Window
436 72 443 115 Window
427 6 433 52 Window
432 10 439 57 Window
405 0 412 37 Window
396 0 401 34 Window
48 64 84 98 Window
444 17 453 60 Window
