629 132 647 160 Forbidden_to_stand_still
215 201 379 297 Car
369 186 446 248 Car
4 171 159 372 Car
773 5 829 61 Window
830 3 960 55 Window
964 6 1035 55 Window
1064 4 1144 52 Window
1147 5 1239 58 Window
781 109 872 205 Window
875 100 968 205 Window
1070 98 1146 196 Window
531 96 581 142 Window
529 33 578 84 Window
582 36 629 83 Window
632 35 681 83 Window
640 93 677 142 Window
474 94 523 141 Window
422 94 473 142 Window
424 38 478 86 Window
481 36 524 83 Window
476 5 524 28 Window
426 5 469 27 Window
371 3 419 31 Window
320 4 365 26 Window
288 16 310 78 Window
216 42 248 59 Window
3 2 66 44 Window
371 38 417 83 Window
374 97 418 142 Window
530 4 578 28 Window
579 4 628 25 Window
636 5 681 24 Window
588 95 631 143 Window
330 96 370 146 Window
328 40 366 86 Window
