594 29 632 78 Window
575 40 596 79 Window
544 40 586 83 Window
515 45 548 86 Window
485 46 518 87 Window
459 52 486 90 Window
431 53 469 95 Window
405 56 438 91 Window
379 58 410 99 Window
355 60 382 96 Window
332 58 357 98 Window
315 64 340 105 Window
271 72 294 104 Window
291 69 316 105 Window
254 75 271 107 Window
235 73 260 112 Window
215 79 238 115 Window
201 77 219 114 Window
183 82 203 115 Window
161 81 182 115 Window
143 87 168 118 Window
127 90 144 120 Window
129 26 146 55 Window
140 25 162 51 Window
57 100 72 135 Window
70 101 91 137 Window
17 150 33 167 Window
33 151 49 171 Window
54 152 68 172 Window
69 151 87 172 Window
163 145 202 211 Window
202 141 235 200 Window
237 135 272 187 Window
269 141 316 182 Window
319 140 353 180 Window
353 138 375 180 Window
375 133 405 190 Window
407 135 461 153 Window
463 129 518 154 Window
537 125 572 151 Window
570 124 631 144 Window
516 153 572 184 Window
577 153 634 188 Window
157 175 413 300 Car
407 174 466 233 Car
482 179 550 233 Car
2 201 141 291 Car
28 180 151 226 Car
