901 59 940 104 Priority_road
985 238 1004 327 Pole
1030 166 1242 216 Fence
1063 161 1188 196 Car
671 178 714 208 Car
629 180 669 207 Car
462 180 514 219 Car
407 188 474 228 Car
468 87 484 127 Window
481 90 499 132 Window
497 96 509 130 Window
520 101 527 131 Window
530 100 539 135 Window
540 104 550 137 Window
438 136 465 177 Window
407 141 428 177 Window
383 138 410 177 Window
364 136 389 179 Window
466 41 487 77 Window
484 46 495 75 Window
496 52 508 83 Window
516 60 529 85 Window
528 63 549 95 Window
1101 101 1135 151 Window
1193 96 1232 151 Window
1195 10 1234 69 Window
1085 23 1158 65 Window
964 24 1003 79 Window
814 36 858 77 Window
