969 27 1025 80 Priority_road
1095 166 1235 197 Car
676 182 721 213 Car
638 181 671 205 Car
453 183 511 218 Car
393 186 466 234 Car
1112 251 1137 378 Pole
883 211 907 266 Pole
1134 97 1174 160 Window
1115 13 1192 60 Window
824 28 873 72 Window
1004 113 1057 151 Window
464 88 481 123 Window
480 89 493 127 Window
495 89 510 131 Window
516 98 549 140 Window
516 57 525 87 Window
527 59 536 91 Window
509 17 543 54 Window
349 127 379 185 Window
382 126 399 182 Window
405 134 423 181 Window
432 137 461 180 Window
467 140 485 178 Window
486 140 516 178 Window
