120 188 359 323 Car
312 176 431 276 Car
420 182 473 237 Car
453 175 492 219 Car
840 19 871 86 Window
810 19 835 85 Window
779 20 809 85 Window
750 22 776 86 Window
719 23 747 87 Window
721 119 749 184 Window
750 118 779 183 Window
780 117 810 182 Window
813 115 839 183 Window
842 115 873 179 Window
902 16 929 80 Window
932 14 959 80 Window
963 13 990 77 Window
994 10 1020 77 Window
1026 12 1051 76 Window
1092 13 1110 74 Window
1116 11 1145 71 Window
1146 10 1174 69 Window
1179 9 1205 58 Window
582 2 623 42 Window
626 5 663 42 Window
627 49 658 91 Window
580 51 623 92 Window
538 51 577 95 Window
495 55 535 95 Window
454 53 491 93 Window
408 57 447 94 Window
409 10 445 51 Window
448 8 493 44 Window
495 6 536 44 Window
538 6 577 44 Window
540 101 579 140 Window
584 100 623 140 Window
626 98 662 135 Window
497 102 534 144 Window
450 105 491 140 Window
415 103 446 142 Window
413 151 444 178 Window
455 150 492 193 Window
499 152 534 194 Window
370 10 402 31 Window
242 37 277 92 Window
145 44 175 95 Window
42 43 73 96 Window
165 35 214 221 Lamppost
617 139 630 156 Forbidden_to_stand_still
