857 146 900 263 Pedestrian
704 174 761 228 Car
654 170 682 191 Car
681 169 705 187 Car
431 185 520 233 Car
2 170 95 370 Car
195 72 259 162 Window
279 87 328 166 Window
280 2 323 53 Window
204 1 262 28 Window
71 32 161 156 Window
395 49 417 90 Window
418 64 434 95 Window
394 127 421 165 Window
449 40 464 85 Window
469 45 482 92 Window
485 53 503 98 Window
507 61 520 103 Window
449 110 466 162 Window
471 112 486 158 Window
491 116 504 163 Window
511 118 520 159 Window
553 94 571 130 Window
552 138 570 169 Window
588 92 607 127 Window
591 139 606 168 Window
550 56 568 82 Window
586 55 606 82 Window
1095 8 1132 45 Window
1199 8 1239 56 Window
