816 153 878 332 Pedestrian
711 148 752 245 Pedestrian
634 145 684 250 Pedestrian
589 130 624 261 Pedestrian
487 150 503 188 Pedestrian
459 145 484 184 Pedestrian
432 149 454 190 Pedestrian
394 141 419 183 Pedestrian
357 144 387 178 Pedestrian
306 146 326 179 Pedestrian
327 148 344 185 Pedestrian
576 39 601 97 Window
525 33 552 101 Window
461 26 502 94 Window
477 114 501 156 Window
527 115 555 158 Window
1138 89 1164 128 Window
1168 89 1192 128 Window
1159 22 1191 74 Window
1191 19 1222 69 Window
1195 87 1223 127 Window
1111 90 1140 125 Window
1082 91 1109 124 Window
901 106 920 133 Window
918 110 940 131 Window
900 66 921 95 Window
921 63 941 96 Window
2 78 274 368 Truck
406 39 437 97 Window
570 0 605 22 Window
400 123 449 178 Window
288 118 402 161 Window
