548 160 574 227 Pedestrian
222 180 237 235 Pedestrian
239 178 254 231 Pedestrian
281 171 310 232 Pedestrian
293 175 355 233 Cyclist
898 146 958 201 Cyclist
973 137 1054 208 Cyclist
842 157 861 202 Cyclist
736 159 770 198 Cyclist
774 106 787 144 Traffic_lights
560 13 571 45 Traffic_lights
44 199 112 272 Commandment_to_pass_sign_on_arrow_indication_D02-RO
783 84 800 102 Priority_road
1162 177 1174 214 Pole
1103 175 1114 210 Pole
1058 175 1067 209 Pole
392 177 507 255 Car
479 169 502 191 Car
620 166 637 181 Car
1118 150 1223 180 Car
393 121 403 158 Traffic_lights
515 44 530 186 Lamppost
