457 176 486 248 Cyclist
7 188 204 375 Cyclist
724 161 748 231 Pedestrian
1176 4 1234 32 Forbidden_to_stand_still
1067 129 1104 199 Door
276 183 417 269 Car
477 179 526 212 Car
616 166 642 187 Car
643 175 683 206 Car
1134 70 1191 139 Window
1012 95 1038 144 Window
1002 4 1040 59 Window
176 83 236 172 Window
258 97 295 173 Window
53 61 150 174 Window
173 2 233 40 Window
253 2 288 66 Window
338 32 362 87 Window
369 49 386 94 Window
391 58 413 107 Window
370 121 392 166 Window
396 129 412 174 Window
337 116 364 167 Window
464 80 476 111 Window
478 83 490 112 Window
493 88 502 118 Window
505 91 513 122 Window
465 127 478 165 Window
481 130 493 164 Window
493 132 502 164 Window
506 136 515 165 Window
531 108 550 135 Window
533 145 551 171 Window
564 143 579 168 Window
563 105 580 139 Window
533 73 546 99 Window
562 78 579 97 Window
872 58 886 90 Window
869 3 885 32 Window
