264 214 334 292 Person_sitting
193 232 274 328 Person_sitting
100 246 187 355 Person_sitting
3 270 182 376 Person_sitting
784 193 812 225 Person_sitting
711 191 734 213 Person_sitting
700 193 715 212 Person_sitting
183 79 228 202 Window
289 103 315 199 Window
281 1 305 26 Window
370 7 385 58 Window
411 6 425 73 Window
439 29 451 87 Window
498 6 517 29 Window
542 6 558 33 Window
545 64 560 92 Window
585 60 605 94 Window
641 34 661 72 Window
641 2 655 18 Window
496 55 519 93 Window
458 56 474 98 Window
457 1 471 28 Window
770 31 801 221 Lamppost
1017 87 1079 270 Door
1083 65 1175 308 Door
26 118 80 271 Door
461 145 639 191 Tram
