921 205 931 255 Pole
928 194 940 244 Pole
1078 6 1134 372 Lamppost
555 41 564 186 Lamppost
1110 5 1172 46 Traffic_lights
762 72 773 91 Traffic_lights
809 54 824 79 Traffic_lights
741 135 749 160 Traffic_lights
244 182 296 253 Cyclist
125 198 252 255 Car
281 191 358 232 Car
363 184 433 230 Car
503 173 533 206 Car
533 176 546 198 Car
479 177 502 192 Car
463 182 480 202 Pedestrian
431 160 480 202 Van
248 127 267 142 Window
267 125 287 144 Window
296 126 312 141 Window
309 126 326 142 Window
218 129 238 144 Window
198 128 220 145 Window
205 163 224 182 Window
220 163 238 180 Window
202 89 219 109 Window
219 93 234 108 Window
250 91 265 107 Window
266 93 282 108 Window
292 59 309 73 Window
307 61 326 76 Window
264 56 281 75 Window
243 55 262 73 Window
245 20 259 36 Window
261 21 278 38 Window
289 22 307 39 Window
305 27 325 43 Window
347 32 363 52 Window
360 30 375 52 Window
373 30 386 51 Window
214 16 233 35 Window
198 16 210 34 Window
632 78 643 96 Window
415 84 440 96 Window
295 86 329 111 Window
1001 142 1010 222 Pole
