893 260 923 374 Pole
745 224 768 311 Pole
652 199 661 244 Pole
628 198 636 233 Pole
610 196 620 222 Pole
595 194 607 220 Pole
586 193 595 216 Pole
629 175 651 233 Pedestrian
298 186 364 338 Pedestrian
436 182 468 249 Pedestrian
420 177 441 242 Pedestrian
522 185 536 219 Pedestrian
531 180 545 215 Pedestrian
479 178 496 220 Cyclist
1040 137 1152 258 Window
836 118 877 221 Window
799 131 838 222 Window
3 6 202 336 Window
282 112 387 191 Window
382 13 398 67 Window
364 0 379 56 Window
347 1 366 40 Window
322 2 348 23 Window
468 101 481 133 Window
767 35 785 93 Window
790 16 807 80 Window
750 39 767 98 Window
731 50 747 103 Window
466 55 480 90 Window
726 146 758 209 Window
755 139 798 206 Window
697 151 712 202 Window
711 148 727 210 Window
985 143 1020 238 Window
439 82 446 119 Window
465 148 479 180 Window
500 61 508 89 Window
717 63 729 107 Window
