1208 156 1240 178 Car
1171 154 1202 176 Car
1135 155 1170 182 Car
1104 156 1136 177 Car
1070 156 1099 177 Car
1046 156 1072 176 Car
892 156 921 174 Car
861 159 884 173 Car
839 159 863 173 Car
826 160 844 173 Car
697 171 742 204 Car
732 166 757 187 Car
590 173 652 209 Car
396 180 454 219 Car
298 193 314 209 Car
316 191 332 205 Car
510 177 537 202 Car
542 178 565 196 Car
4 70 249 272 Truck
359 189 374 223 Guidance_beacon_right
457 184 464 210 Guidance_beacon_right
492 184 503 204 Guidance_beacon_right
