541 172 595 222 Car
584 176 631 215 Car
657 178 683 201 Car
758 176 954 310 Car
919 182 1240 375 Car
716 176 736 192 Car
704 173 722 213 Cyclist
160 9 205 85 Window
155 99 214 178 Window
236 4 292 82 Window
233 106 287 174 Window
307 97 356 172 Window
304 10 355 85 Window
400 13 447 88 Window
406 103 442 172 Window
459 25 482 95 Window
461 106 481 173 Window
483 34 498 97 Window
482 112 499 177 Window
498 117 515 175 Window
528 68 545 111 Window
533 124 545 171 Window
545 70 563 114 Window
42 6 91 75 Window
44 94 101 182 Window
568 33 589 67 Window
1057 14 1127 54 Window
1163 13 1221 50 Window
1160 94 1218 140 Window
1049 92 1127 141 Window
902 58 929 94 Window
841 85 866 116 Window
839 39 870 69 Window
663 119 680 143 Window
657 142 683 173 Window
617 83 630 108 Window
616 118 627 138 Window
620 150 627 176 Window
549 134 567 171 Window
560 135 574 172 Window
578 90 595 122 Window
1 205 171 306 Fence
