954 73 1008 117 Zone_max_speed_A01-30
489 111 509 138 Forbidden_to_stand_still
572 149 584 163 Forbidden_to_stand_still
588 182 654 239 Car
728 188 823 254 Car
831 144 1242 373 Car
116 178 356 320 Car
318 186 429 278 Car
409 186 484 256 Car
470 184 530 231 Car
519 178 564 210 Car
555 167 595 193 Car
3 165 148 263 Car
695 176 756 231 Car
678 182 699 226 Pedestrian
181 115 204 164 Window
135 113 155 162 Window
19 100 56 160 Window
41 3 73 52 Window
118 4 145 68 Window
179 26 203 79 Window
234 52 251 99 Window
236 1 252 26 Window
270 144 284 170 Window
236 143 251 168 Window
271 63 283 117 Window
300 77 310 115 Window
323 82 333 113 Window
324 26 335 58 Window
302 14 310 56 Window
271 2 284 45 Window
300 137 312 166 Window
692 81 708 100 Window
721 82 738 100 Window
719 103 736 124 Window
692 105 707 125 Window
692 131 706 145 Window
718 131 734 144 Window
701 64 730 75 Window
83 103 111 135 Window
