326 171 461 254 Car
441 170 490 216 Car
493 165 527 199 Car
701 168 835 254 Car
790 169 1057 339 Car
662 164 724 214 Car
617 156 648 177 Car
580 158 606 175 Car
211 4 247 50 Window
211 57 248 121 Window
216 125 257 181 Window
263 69 293 175 Window
301 77 325 172 Window
333 88 358 168 Window
328 2 354 84 Window
298 4 325 73 Window
263 3 291 65 Window
691 86 732 122 Window
697 42 730 80 Window
697 4 728 38 Window
606 54 627 76 Pedestrian_crossing
657 116 673 133 Pedestrian_crossing
543 76 555 91 Pedestrian_crossing
504 127 519 140 Pedestrian_crossing
