284 125 552 330 Car
800 139 1239 373 Car
674 178 737 232 Car
655 177 690 219 Car
650 179 664 209 Car
3 4 236 374 Car
321 6 356 75 Window
367 20 395 91 Window
402 46 432 101 Window
250 89 301 175 Window
312 104 333 170 Window
339 104 363 156 Window
440 65 451 114 Window
404 2 427 36 Window
439 7 453 48 Window
454 16 462 61 Window
463 25 472 70 Window
471 31 479 72 Window
276 2 298 50 Window
253 4 277 52 Window
1091 74 1170 148 Window
863 83 958 161 Window
816 146 866 216 Fence
611 171 624 193 Pedestrian
604 169 615 193 Pedestrian
