788 199 958 305 Car
726 181 820 249 Car
191 186 407 308 Car
2 195 256 366 Car
388 182 507 250 Car
595 183 658 237 Car
496 178 560 221 Car
685 176 721 209 Car
708 183 730 244 Pedestrian
437 83 468 119 Forbidden_to_stand_still
572 147 585 161 Forbidden_to_stand_still
731 78 751 99 Window
701 78 719 96 Window
701 105 717 122 Window
732 103 749 121 Window
732 129 749 151 Window
699 131 716 148 Window
78 97 106 159 Window
10 89 40 160 Window
76 3 111 50 Window
163 27 182 77 Window
161 117 183 168 Window
210 126 231 167 Window
252 130 269 166 Window
213 44 226 105 Window
255 55 265 105 Window
287 64 299 102 Window
288 7 299 39 Window
255 1 268 37 Window
