970 162 1236 369 Car
799 156 981 289 Car
748 168 849 260 Car
720 181 768 239 Car
701 175 745 236 Car
689 179 712 223 Car
654 173 692 215 Car
647 175 679 205 Car
582 171 651 238 Car
495 184 528 204 Car
479 176 497 195 Car
450 174 471 199 Car
537 175 567 199 Car
480 18 500 232 Lamppost
0 39 43 93 Window
40 135 86 187 Window
286 48 312 75 Window
289 75 309 107 Window
315 83 342 105 Window
355 86 366 107 Window
351 111 365 148 Window
368 87 379 114 Window
350 50 369 76 Window
370 56 381 76 Window
800 100 815 133 Window
816 92 827 133 Window
799 63 810 90 Window
786 68 798 98 Window
1153 2 1225 28 Window
935 135 959 171 Window
968 138 1000 169 Window
893 135 922 175 Window
151 134 196 186 Window
193 139 243 189 Window
237 155 267 192 Window
267 157 291 191 Window
292 154 320 191 Window
